0 0.201 0.392 0.056 0.067
0 0.172 0.344 0.062 0.081
0 0.256 0.379 0.052 0.06
0 0.297 0.335 0.058 0.058
0 0.311 0.389 0.05 0.065
0 0.235 0.428 0.044 0.05
0 0.271 0.454 0.054 0.054
0 0.315 0.439 0.042 0.049
0 0.356 0.467 0.041 0.046
0 0.349 0.526 0.045 0.064
0 0.385 0.545 0.049 0.061
0 0.155 0.549 0.052 0.06
0 0.233 0.278 0.034 0.067
0 0.271 0.292 0.055 0.061
0 0.136 0.283 0.042 0.057
0 0.131 0.146 0.089 0.046
0 0.139 0.188 0.057 0.049
0 0.154 0.229 0.049 0.043
0 0.189 0.216 0.037 0.047
0 0.19 0.217 0.05 0.028
0 0.205 0.168 0.067 0.049
0 0.269 0.176 0.052 0.057
0 0.162 0.092 0.047 0.068
0 0.181 0.047 0.056 0.05
0 0.242 0.034 0.065 0.056
0 0.274 0.064 0.045 0.057
0 0.309 0.023 0.039 0.044
0 0.335 0.053 0.039 0.054
0 0.477 0.024 0.058 0.047
0 0.552 0.028 0.067 0.044
0 0.509 0.058 0.048 0.056
0 0.598 0.085 0.037 0.049
0 0.541 0.101 0.057 0.051
0 0.485 0.086 0.044 0.057
0 0.392 0.149 0.05 0.043
0 0.351 0.249 0.053 0.047
0 0.384 0.296 0.046 0.051
0 0.38 0.348 0.034 0.044
0 0.371 0.398 0.046 0.072
0 0.427 0.383 0.059 0.056
0 0.467 0.298 0.064 0.05
0 0.424 0.238 0.05 0.049
0 0.419 0.192 0.042 0.043
0 0.507 0.2 0.074 0.049
0 0.532 0.155 0.051 0.05
0 0.532 0.287 0.046 0.047
0 0.567 0.316 0.046 0.047
0 0.544 0.367 0.058 0.049
0 0.581 0.17 0.043 0.05
0 0.067 0.499 0.064 0.051
0 0.103 0.554 0.04 0.046
0 0.127 0.591 0.041 0.047
0 0.228 0.551 0.044 0.04
0 0.313 0.509 0.034 0.047
0 0.292 0.485 0.05 0.047
0 0.158 0.503 0.067 0.044
0 0.124 0.483 0.052 0.029
0 0.194 0.623 0.057 0.053
0 0.117 0.649 0.037 0.056
0 0.155 0.675 0.04 0.051
0 0.111 0.696 0.05 0.049
0 0.118 0.751 0.035 0.06
0 0.163 0.758 0.044 0.069
0 0.666 0.062 0.035 0.061
0 0.622 0.233 0.04 0.053
0 0.68 0.112 0.04 0.044
0 0.677 0.168 0.045 0.051
0 0.69 0.22 0.059 0.056
0 0.694 0.267 0.046 0.047
0 0.708 0.199 0.042 0.036
0 0.636 0.277 0.035 0.036
0 0.656 0.292 0.032 0.035
0 0.637 0.326 0.042 0.047
0 0.622 0.379 0.032 0.057
0 0.769 0.025 0.042 0.046
0 0.799 0.078 0.086 0.069
0 0.89 0.155 0.051 0.058
0 0.907 0.113 0.037 0.044
0 0.907 0.206 0.047 0.047
0 0.921 0.256 0.049 0.058
0 0.955 0.316 0.036 0.067
0 0.84 0.211 0.04 0.046
0 0.843 0.249 0.043 0.047
0 0.846 0.283 0.053 0.047
0 0.836 0.31 0.054 0.053
0 0.91 0.332 0.043 0.057
0 0.907 0.375 0.037 0.06
0 0.944 0.38 0.037 0.053
0 0.836 0.39 0.053 0.056
0 0.968 0.429 0.042 0.06
0 0.957 0.474 0.064 0.06
0 0.84 0.503 0.057 0.051
0 0.905 0.518 0.047 0.071
0 0.769 0.441 0.047 0.047
0 0.721 0.469 0.032 0.044
0 0.748 0.506 0.057 0.047
0 0.745 0.556 0.056 0.081
0 0.793 0.582 0.045 0.054
0 0.697 0.59 0.051 0.058
0 0.688 0.631 0.052 0.056
0 0.75 0.666 0.056 0.056
0 0.659 0.672 0.041 0.062
0 0.699 0.683 0.048 0.061
0 0.735 0.723 0.047 0.053
0 0.847 0.764 0.047 0.054
0 0.589 0.566 0.05 0.039
0 0.588 0.614 0.041 0.043
0 0.701 0.793 0.054 0.057
0 0.748 0.824 0.051 0.053
0 0.721 0.876 0.042 0.051
0 0.694 0.912 0.044 0.047
0 0.615 0.763 0.051 0.058
0 0.555 0.816 0.053 0.053
0 0.344 0.695 0.046 0.044
0 0.304 0.647 0.052 0.061
0 0.264 0.61 0.05 0.067
0 0.307 0.747 0.047 0.051
0 0.352 0.738 0.04 0.047
0 0.343 0.796 0.051 0.054
0 0.412 0.716 0.042 0.069
0 0.076 0.644 0.046 0.051
0 0.058 0.591 0.035 0.039
0 0.05 0.546 0.042 0.043
0 0.082 0.403 0.054 0.042
0 0.048 0.455 0.041 0.053
0 0.429 0.865 0.047 0.043
0 0.782 0.267 0.048 0.046
0 0.491 0.451 0.048 0.05
0 0.489 0.507 0.042 0.062
0 0.444 0.565 0.043 0.071
0 0.474 0.602 0.037 0.053
0 0.941 0.054 0.057 0.051
0 0.943 0.117 0.039 0.078
0 0.652 0.485 0.044 0.06
0 0.652 0.428 0.052 0.061
0 0.705 0.416 0.05 0.075
0 0.459 0.799 0.032 0.044
0 0.474 0.925 0.029 0.051
0 0.522 0.916 0.036 0.058
0 0.495 0.962 0.037 0.047
0 0.365 0.847 0.058 0.051
0 0.548 0.429 0.035 0.057
0 0.539 0.55 0.032 0.049
0 0.019 0.286 0.03 0.049
0 0.919 0.814 0.028 0.076
0 0.944 0.628 0.036 0.064
0 0.923 0.676 0.043 0.064
0 0.891 0.725 0.028 0.057
0 0.979 0.102 0.029 0.053
0 0.984 0.274 0.028 0.074
0 0.973 0.188 0.028 0.046
0 0.345 0.898 0.036 0.056
