0 0.499 0.399 0.054 0.062
0 0.471 0.425 0.039 0.042
0 0.448 0.46 0.05 0.074
0 0.503 0.465 0.047 0.058
0 0.516 0.523 0.048 0.047
0 0.404 0.418 0.05 0.052
0 0.442 0.389 0.043 0.044
0 0.455 0.352 0.057 0.044
0 0.368 0.449 0.058 0.043
0 0.427 0.287 0.04 0.056
0 0.504 0.298 0.056 0.049
0 0.485 0.259 0.036 0.048
0 0.565 0.223 0.037 0.051
0 0.611 0.232 0.041 0.058
0 0.322 0.348 0.047 0.058
0 0.277 0.325 0.038 0.05
0 0.281 0.376 0.037 0.056
0 0.194 0.406 0.053 0.048
0 0.194 0.369 0.043 0.049
0 0.177 0.319 0.043 0.051
0 0.129 0.374 0.066 0.048
0 0.118 0.324 0.031 0.042
0 0.143 0.287 0.042 0.043
0 0.146 0.431 0.05 0.058
0 0.19 0.476 0.054 0.049
0 0.117 0.513 0.062 0.051
0 0.155 0.556 0.052 0.06
0 0.161 0.622 0.042 0.057
0 0.153 0.668 0.059 0.048
0 0.58 0.512 0.041 0.042
0 0.587 0.561 0.041 0.053
0 0.621 0.537 0.032 0.069
0 0.661 0.542 0.041 0.062
0 0.629 0.485 0.032 0.043
0 0.69 0.497 0.04 0.058
0 0.732 0.456 0.041 0.049
0 0.768 0.436 0.035 0.058
0 0.838 0.43 0.055 0.064
0 0.882 0.424 0.045 0.064
0 0.944 0.431 0.065 0.067
0 0.804 0.485 0.047 0.055
0 0.768 0.505 0.053 0.063
0 0.752 0.559 0.047 0.063
0 0.695 0.609 0.052 0.078
0 0.623 0.599 0.04 0.065
0 0.59 0.634 0.044 0.043
0 0.545 0.567 0.039 0.052
0 0.547 0.665 0.042 0.051
0 0.574 0.689 0.04 0.047
0 0.59 0.794 0.053 0.058
0 0.584 0.832 0.055 0.051
0 0.648 0.851 0.052 0.068
0 0.611 0.882 0.05 0.067
0 0.663 0.922 0.037 0.068
0 0.571 0.898 0.046 0.061
0 0.56 0.961 0.048 0.047
0 0.533 0.863 0.054 0.052
0 0.495 0.884 0.061 0.056
0 0.508 0.939 0.054 0.045
0 0.545 0.824 0.047 0.044
0 0.532 0.781 0.044 0.033
0 0.54 0.735 0.045 0.05
0 0.496 0.736 0.041 0.041
0 0.476 0.776 0.066 0.042
0 0.443 0.824 0.038 0.044
0 0.436 0.872 0.039 0.055
0 0.435 0.928 0.051 0.052
0 0.394 0.922 0.052 0.062
0 0.416 0.771 0.037 0.045
0 0.316 0.863 0.045 0.06
0 0.366 0.818 0.047 0.049
0 0.271 0.87 0.046 0.076
0 0.321 0.778 0.043 0.046
0 0.321 0.725 0.039 0.049
0 0.274 0.718 0.049 0.05
0 0.272 0.672 0.038 0.049
0 0.321 0.686 0.042 0.049
0 0.364 0.677 0.061 0.052
0 0.418 0.713 0.038 0.04
0 0.408 0.682 0.048 0.048
0 0.36 0.641 0.04 0.048
0 0.493 0.618 0.041 0.052
0 0.499 0.566 0.041 0.067
0 0.449 0.555 0.048 0.045
0 0.465 0.593 0.043 0.044
0 0.45 0.646 0.035 0.077
0 0.404 0.583 0.045 0.046
0 0.416 0.627 0.036 0.047
0 0.659 0.742 0.051 0.049
0 0.664 0.786 0.042 0.052
0 0.71 0.723 0.044 0.06
0 0.709 0.784 0.05 0.055
0 0.72 0.885 0.054 0.064
0 0.749 0.802 0.039 0.055
0 0.752 0.667 0.04 0.049
0 0.781 0.654 0.05 0.058
0 0.828 0.636 0.045 0.062
0 0.841 0.583 0.046 0.058
0 0.907 0.577 0.034 0.073
0 0.943 0.565 0.036 0.056
0 0.981 0.478 0.039 0.057
0 0.904 0.489 0.04 0.08
0 0.934 0.473 0.038 0.042
0 0.948 0.51 0.047 0.048
0 0.935 0.638 0.058 0.064
0 0.978 0.709 0.044 0.069
0 0.95 0.744 0.051 0.073
0 0.841 0.688 0.035 0.062
0 0.779 0.725 0.041 0.063
0 0.804 0.697 0.039 0.054
0 0.82 0.75 0.048 0.059
0 0.812 0.799 0.04 0.059
0 0.304 0.929 0.05 0.053
0 0.331 0.967 0.061 0.049
0 0.178 0.896 0.059 0.055
0 0.126 0.948 0.059 0.055
0 0.132 0.899 0.044 0.044
0 0.106 0.87 0.034 0.049
0 0.066 0.856 0.063 0.041
0 0.048 0.907 0.059 0.049
0 0.087 0.943 0.048 0.053
0 0.126 0.819 0.048 0.042
0 0.099 0.717 0.053 0.044
0 0.062 0.752 0.051 0.047
0 0.934 0.813 0.036 0.082
0 0.907 0.756 0.045 0.061
0 0.866 0.76 0.043 0.064
0 0.911 0.776 0.003 0.001
0 0.89 0.807 0.053 0.056
0 0.742 0.37 0.051 0.06
0 0.859 0.842 0.036 0.068
0 0.36 0.534 0.046 0.058
0 0.313 0.539 0.036 0.049
0 0.107 0.638 0.051 0.049
0 0.079 0.572 0.047 0.058
0 0.047 0.411 0.039 0.056
0 0.086 0.41 0.046 0.051
0 0.098 0.458 0.042 0.045
0 0.063 0.491 0.046 0.051
0 0.167 0.238 0.043 0.046
0 0.156 0.191 0.046 0.049
0 0.15 0.141 0.045 0.041
0 0.102 0.125 0.061 0.052
0 0.119 0.081 0.059 0.04
0 0.087 0.053 0.046 0.031
0 0.122 0.019 0.036 0.037
0 0.058 0.153 0.043 0.036
0 0.105 0.184 0.063 0.067
0 0.125 0.231 0.041 0.048
0 0.082 0.216 0.05 0.053
0 0.033 0.202 0.058 0.068
0 0.095 0.277 0.051 0.055
0 0.044 0.269 0.048 0.052
0 0.057 0.316 0.052 0.041
0 0.067 0.358 0.048 0.042
0 0.695 0.088 0.056 0.068
0 0.628 0.085 0.05 0.06
0 0.621 0.038 0.038 0.049
0 0.528 0.367 0.042 0.045
0 0.567 0.342 0.045 0.04
0 0.568 0.382 0.037 0.044
0 0.573 0.425 0.033 0.048
0 0.602 0.326 0.039 0.044
0 0.636 0.299 0.042 0.053
0 0.607 0.378 0.037 0.043
0 0.613 0.423 0.044 0.058
0 0.657 0.426 0.044 0.068
0 0.642 0.38 0.033 0.036
0 0.656 0.34 0.036 0.042
0 0.677 0.37 0.032 0.058
0 0.704 0.38 0.031 0.053
0 0.675 0.304 0.035 0.052
0 0.708 0.323 0.039 0.046
0 0.682 0.226 0.038 0.071
0 0.725 0.261 0.042 0.065
0 0.79 0.292 0.035 0.06
0 0.807 0.267 0.04 0.072
0 0.836 0.252 0.055 0.083
0 0.788 0.198 0.041 0.062
0 0.811 0.175 0.045 0.049
0 0.709 0.198 0.031 0.051
0 0.732 0.173 0.036 0.055
0 0.753 0.153 0.039 0.06
0 0.779 0.125 0.038 0.056
0 0.822 0.135 0.048 0.083
0 0.94 0.378 0.053 0.067
0 0.94 0.334 0.042 0.052
0 0.891 0.965 0.048 0.068
0 0.922 0.949 0.043 0.061
0 0.946 0.919 0.049 0.068
0 0.978 0.888 0.038 0.067
0 0.858 0.954 0.038 0.048
0 0.211 0.933 0.06 0.057
0 0.149 0.762 0.069 0.043
0 0.184 0.8 0.071 0.056
0 0.046 0.701 0.045 0.049
0 0.317 0.609 0.062 0.056
0 0.621 0.674 0.043 0.047
0 0.904 0.321 0.04 0.068
0 0.486 0.977 0.06 0.045
0 0.266 0.164 0.051 0.053
0 0.566 0.178 0.054 0.047
0 0.509 0.19 0.052 0.043
0 0.796 0.903 0.042 0.048
0 0.895 0.857 0.033 0.044
0 0.935 0.813 0.036 0.074
0 0.964 0.809 0.031 0.051
0 0.358 0.884 0.042 0.056
