0 0.511 0.471 0.039 0.042
0 0.529 0.51 0.031 0.039
0 0.546 0.489 0.027 0.042
0 0.568 0.509 0.029 0.041
0 0.599 0.506 0.031 0.056
0 0.553 0.541 0.039 0.044
0 0.577 0.566 0.035 0.052
0 0.495 0.411 0.032 0.058
0 0.535 0.423 0.041 0.048
0 0.557 0.451 0.036 0.037
0 0.577 0.469 0.026 0.036
0 0.618 0.567 0.041 0.056
0 0.648 0.582 0.034 0.04
0 0.68 0.573 0.032 0.056
0 0.698 0.502 0.033 0.061
0 0.72 0.539 0.032 0.055
0 0.705 0.591 0.043 0.045
0 0.749 0.565 0.039 0.06
0 0.628 0.519 0.032 0.042
0 0.601 0.452 0.027 0.049
0 0.629 0.445 0.028 0.044
0 0.647 0.468 0.034 0.052
0 0.69 0.408 0.039 0.058
0 0.757 0.409 0.05 0.071
0 0.684 0.325 0.042 0.057
0 0.626 0.612 0.039 0.049
0 0.69 0.635 0.042 0.061
0 0.736 0.631 0.034 0.078
0 0.543 0.595 0.033 0.041
0 0.523 0.57 0.033 0.043
0 0.656 0.362 0.033 0.058
0 0.622 0.336 0.036 0.055
0 0.61 0.389 0.026 0.049
0 0.585 0.366 0.031 0.051
0 0.555 0.383 0.038 0.036
0 0.56 0.348 0.041 0.047
0 0.464 0.41 0.035 0.047
0 0.489 0.362 0.039 0.044
0 0.496 0.32 0.038 0.037
0 0.511 0.264 0.031 0.056
0 0.11 0.708 0.049 0.056
0 0.168 0.706 0.043 0.053
0 0.151 0.65 0.04 0.049
0 0.078 0.653 0.049 0.035
0 0.033 0.665 0.04 0.036
0 0.073 0.69 0.042 0.033
0 0.065 0.737 0.04 0.058
0 0.11 0.78 0.055 0.042
0 0.169 0.773 0.05 0.042
0 0.222 0.723 0.056 0.048
0 0.228 0.783 0.054 0.051
0 0.277 0.797 0.048 0.052
0 0.03 0.802 0.046 0.045
0 0.055 0.836 0.048 0.049
0 0.235 0.827 0.042 0.037
0 0.283 0.848 0.045 0.052
0 0.238 0.868 0.04 0.045
0 0.204 0.86 0.038 0.049
0 0.192 0.811 0.041 0.037
0 0.147 0.802 0.039 0.035
0 0.164 0.833 0.042 0.039
0 0.096 0.817 0.042 0.044
0 0.119 0.846 0.033 0.046
0 0.089 0.861 0.041 0.042
0 0.279 0.903 0.058 0.045
0 0.155 0.873 0.053 0.041
0 0.075 0.908 0.044 0.055
0 0.117 0.916 0.037 0.044
0 0.163 0.923 0.044 0.045
0 0.125 0.961 0.045 0.045
0 0.207 0.907 0.032 0.045
0 0.333 0.912 0.05 0.049
0 0.293 0.946 0.03 0.045
0 0.257 0.945 0.039 0.044
0 0.208 0.953 0.051 0.049
0 0.241 0.976 0.041 0.047
0 0.299 0.708 0.042 0.044
0 0.275 0.683 0.027 0.052
0 0.318 0.64 0.04 0.06
0 0.271 0.632 0.048 0.051
0 0.223 0.625 0.04 0.04
0 0.19 0.658 0.034 0.048
0 0.188 0.608 0.032 0.04
0 0.236 0.592 0.035 0.044
0 0.2 0.565 0.038 0.048
0 0.27 0.586 0.029 0.037
0 0.339 0.587 0.037 0.057
0 0.314 0.55 0.052 0.04
0 0.325 0.51 0.044 0.051
0 0.138 0.564 0.031 0.049
0 0.17 0.574 0.031 0.045
0 0.184 0.526 0.043 0.045
0 0.155 0.486 0.039 0.047
0 0.204 0.48 0.04 0.033
0 0.228 0.531 0.032 0.04
0 0.256 0.554 0.047 0.04
0 0.241 0.493 0.049 0.042
0 0.247 0.443 0.027 0.053
0 0.282 0.457 0.038 0.044
0 0.324 0.47 0.04 0.032
0 0.363 0.408 0.059 0.055
0 0.321 0.438 0.035 0.037
0 0.301 0.428 0.05 0.047
0 0.277 0.398 0.039 0.043
0 0.244 0.394 0.037 0.049
0 0.205 0.372 0.042 0.052
0 0.17 0.383 0.037 0.048
0 0.178 0.336 0.038 0.044
0 0.227 0.353 0.05 0.052
0 0.18 0.301 0.038 0.036
0 0.189 0.266 0.042 0.042
0 0.259 0.245 0.042 0.047
0 0.334 0.303 0.045 0.051
0 0.352 0.348 0.031 0.059
0 0.61 0.254 0.042 0.06
0 0.648 0.254 0.038 0.053
0 0.658 0.299 0.035 0.045
0 0.57 0.13 0.04 0.071
0 0.554 0.179 0.034 0.04
0 0.604 0.065 0.042 0.06
0 0.606 0.132 0.029 0.052
0 0.63 0.157 0.03 0.045
0 0.635 0.197 0.042 0.052
0 0.673 0.196 0.035 0.051
0 0.663 0.149 0.034 0.046
0 0.647 0.102 0.035 0.052
0 0.681 0.103 0.038 0.064
0 0.695 0.159 0.031 0.058
0 0.695 0.228 0.028 0.048
0 0.727 0.186 0.039 0.047
0 0.732 0.234 0.046 0.051
0 0.739 0.144 0.035 0.042
0 0.713 0.083 0.039 0.049
0 0.795 0.143 0.033 0.065
0 0.822 0.126 0.036 0.06
0 0.766 0.182 0.044 0.053
0 0.778 0.23 0.038 0.047
0 0.797 0.28 0.037 0.063
0 0.759 0.27 0.027 0.048
0 0.727 0.272 0.027 0.042
0 0.763 0.334 0.034 0.047
0 0.732 0.36 0.034 0.06
0 0.781 0.371 0.028 0.045
0 0.807 0.386 0.032 0.066
0 0.814 0.33 0.042 0.053
0 0.839 0.381 0.036 0.047
0 0.851 0.427 0.042 0.049
0 0.835 0.468 0.038 0.051
0 0.814 0.495 0.036 0.049
0 0.798 0.523 0.032 0.059
0 0.823 0.561 0.034 0.049
0 0.836 0.616 0.028 0.062
0 0.864 0.59 0.036 0.068
0 0.894 0.596 0.037 0.06
0 0.915 0.576 0.043 0.073
0 0.887 0.261 0.044 0.052
0 0.916 0.298 0.047 0.056
0 0.937 0.339 0.038 0.048
0 0.899 0.336 0.033 0.059
0 0.849 0.245 0.032 0.056
0 0.887 0.209 0.043 0.047
0 0.852 0.198 0.03 0.047
0 0.821 0.189 0.028 0.049
0 0.866 0.153 0.044 0.051
0 0.859 0.113 0.049 0.049
0 0.905 0.06 0.045 0.068
0 0.934 0.11 0.039 0.06
0 0.938 0.162 0.04 0.055
0 0.905 0.15 0.035 0.065
0 0.968 0.212 0.046 0.053
0 0.947 0.259 0.033 0.047
0 0.936 0.382 0.034 0.047
0 0.921 0.419 0.044 0.065
0 0.846 0.043 0.041 0.036
0 0.812 0.052 0.039 0.049
0 0.793 0.081 0.037 0.044
0 0.771 0.055 0.031 0.049
0 0.729 0.036 0.035 0.047
0 0.648 0.065 0.039 0.047
0 0.677 0.049 0.031 0.04
0 0.699 0.049 0.03 0.037
0 0.942 0.039 0.036 0.051
0 0.974 0.122 0.034 0.069
0 0.969 0.437 0.041 0.047
0 0.957 0.495 0.037 0.061
0 0.966 0.536 0.035 0.044
0 0.979 0.581 0.032 0.067
0 0.936 0.651 0.048 0.061
0 0.951 0.7 0.041 0.051
0 0.908 0.71 0.049 0.054
0 0.927 0.745 0.027 0.053
0 0.97 0.758 0.04 0.067
0 0.952 0.795 0.04 0.064
0 0.862 0.687 0.027 0.06
0 0.833 0.68 0.029 0.069
0 0.78 0.606 0.039 0.042
0 0.771 0.638 0.036 0.037
0 0.797 0.674 0.034 0.061
0 0.754 0.694 0.039 0.074
0 0.805 0.74 0.028 0.067
0 0.776 0.752 0.037 0.062
0 0.744 0.758 0.035 0.067
0 0.718 0.7 0.034 0.054
0 0.671 0.676 0.026 0.04
0 0.65 0.657 0.03 0.035
0 0.621 0.656 0.036 0.043
0 0.635 0.693 0.038 0.044
0 0.672 0.752 0.041 0.058
0 0.871 0.799 0.042 0.072
0 0.91 0.831 0.037 0.062
0 0.947 0.851 0.035 0.056
0 0.902 0.872 0.055 0.058
0 0.848 0.741 0.042 0.062
0 0.792 0.829 0.042 0.079
0 0.813 0.792 0.034 0.046
0 0.761 0.816 0.028 0.058
0 0.734 0.803 0.031 0.042
0 0.883 0.918 0.041 0.055
0 0.926 0.94 0.047 0.063
0 0.763 0.873 0.038 0.067
0 0.815 0.907 0.04 0.044
0 0.739 0.85 0.03 0.049
0 0.727 0.894 0.037 0.056
0 0.692 0.895 0.03 0.072
0 0.666 0.919 0.044 0.048
0 0.694 0.967 0.03 0.066
0 0.735 0.965 0.039 0.068
0 0.765 0.947 0.038 0.076
0 0.8 0.957 0.038 0.077
0 0.713 0.741 0.034 0.042
0 0.701 0.786 0.038 0.052
0 0.714 0.836 0.035 0.048
0 0.74 0.849 0.026 0.052
0 0.683 0.836 0.028 0.055
0 0.648 0.834 0.039 0.045
0 0.605 0.877 0.037 0.055
0 0.624 0.953 0.035 0.065
0 0.598 0.929 0.03 0.059
0 0.567 0.902 0.044 0.061
0 0.42 0.964 0.046 0.059
0 0.429 0.909 0.05 0.058
0 0.388 0.876 0.056 0.069
0 0.418 0.859 0.046 0.047
0 0.437 0.812 0.031 0.056
0 0.495 0.841 0.045 0.048
0 0.521 0.806 0.053 0.059
0 0.512 0.874 0.037 0.045
0 0.463 0.834 0.037 0.056
0 0.479 0.881 0.033 0.044
0 0.471 0.923 0.042 0.052
0 0.336 0.122 0.046 0.055
0 0.355 0.797 0.038 0.062
0 0.565 0.752 0.035 0.062
0 0.067 0.603 0.042 0.061
0 0.047 0.561 0.041 0.042
0 0.023 0.606 0.042 0.042
0 0.155 0.098 0.05 0.047
0 0.196 0.093 0.041 0.056
0 0.205 0.145 0.035 0.063
0 0.543 0.638 0.035 0.05
0 0.534 0.684 0.046 0.048
0 0.58 0.697 0.046 0.044
0 0.51 0.751 0.032 0.045
0 0.54 0.771 0.031 0.051
0 0.481 0.773 0.036 0.055
0 0.442 0.763 0.039 0.043
0 0.408 0.764 0.037 0.039
0 0.383 0.737 0.035 0.049
0 0.361 0.708 0.037 0.049
0 0.397 0.642 0.044 0.042
0 0.448 0.693 0.043 0.057
0 0.489 0.703 0.036 0.058
0 0.496 0.663 0.048 0.047
0 0.505 0.637 0.041 0.043
0 0.463 0.607 0.044 0.048
0 0.495 0.592 0.045 0.058
0 0.497 0.549 0.046 0.036
0 0.435 0.572 0.042 0.043
0 0.427 0.614 0.033 0.048
0 0.404 0.574 0.038 0.059
0 0.457 0.494 0.049 0.045
0 0.458 0.535 0.039 0.057
0 0.536 0.318 0.042 0.056
0 0.502 0.963 0.047 0.049
0 0.516 0.914 0.055 0.051
0 0.094 0.282 0.053 0.062
0 0.066 0.283 0.032 0.048
0 0.057 0.323 0.042 0.037
0 0.236 0.097 0.045 0.033
0 0.195 0.062 0.043 0.055
0 0.13 0.062 0.037 0.036
