0 0.369 0.631 0.078 0.049
0 0.378 0.683 0.067 0.06
0 0.434 0.672 0.064 0.067
0 0.316 0.673 0.055 0.058
0 0.276 0.605 0.067 0.055
0 0.329 0.58 0.065 0.044
0 0.289 0.549 0.093 0.04
0 0.255 0.508 0.078 0.058
0 0.195 0.594 0.069 0.042
0 0.179 0.553 0.052 0.033
0 0.147 0.606 0.049 0.035
0 0.084 0.618 0.056 0.035
0 0.102 0.668 0.053 0.045
0 0.116 0.736 0.055 0.044
0 0.138 0.784 0.06 0.053
0 0.17 0.749 0.055 0.035
0 0.218 0.688 0.068 0.046
0 0.201 0.789 0.063 0.053
0 0.176 0.827 0.055 0.051
0 0.36 0.743 0.078 0.072
0 0.306 0.76 0.056 0.049
0 0.333 0.809 0.063 0.056
0 0.386 0.815 0.049 0.061
0 0.392 0.859 0.051 0.058
0 0.44 0.857 0.052 0.058
0 0.245 0.844 0.045 0.039
0 0.178 0.911 0.057 0.075
0 0.101 0.855 0.061 0.077
0 0.055 0.868 0.072 0.055
0 0.043 0.716 0.049 0.06
0 0.067 0.532 0.074 0.057
0 0.104 0.491 0.054 0.052
0 0.16 0.497 0.053 0.042
0 0.139 0.447 0.072 0.06
0 0.068 0.413 0.065 0.065
0 0.127 0.394 0.057 0.06
0 0.116 0.345 0.061 0.053
0 0.062 0.351 0.056 0.059
0 0.088 0.298 0.074 0.047
0 0.061 0.25 0.045 0.048
0 0.107 0.244 0.043 0.059
0 0.07 0.154 0.0 0.001
0 0.097 0.19 0.05 0.069
0 0.172 0.189 0.059 0.06
0 0.198 0.241 0.06 0.053
0 0.217 0.284 0.067 0.047
0 0.249 0.324 0.068 0.058
0 0.23 0.182 0.057 0.049
0 0.206 0.137 0.059 0.051
0 0.262 0.097 0.069 0.046
0 0.19 0.084 0.056 0.052
0 0.042 0.132 0.072 0.046
0 0.037 0.075 0.068 0.044
0 0.261 0.248 0.05 0.051
0 0.267 0.297 0.041 0.044
0 0.32 0.292 0.062 0.037
0 0.324 0.33 0.079 0.04
0 0.272 0.379 0.065 0.043
0 0.34 0.39 0.064 0.053
0 0.302 0.425 0.06 0.052
0 0.421 0.399 0.054 0.048
0 0.374 0.427 0.044 0.043
0 0.429 0.441 0.056 0.049
0 0.375 0.469 0.062 0.052
0 0.368 0.514 0.051 0.055
0 0.421 0.505 0.037 0.056
0 0.501 0.465 0.05 0.036
0 0.478 0.505 0.045 0.045
0 0.531 0.551 0.053 0.049
0 0.479 0.607 0.06 0.059
0 0.533 0.595 0.053 0.055
0 0.475 0.545 0.061 0.055
0 0.503 0.641 0.049 0.048
0 0.558 0.626 0.058 0.042
0 0.527 0.672 0.047 0.06
0 0.566 0.701 0.059 0.058
0 0.621 0.72 0.072 0.051
0 0.464 0.727 0.067 0.053
0 0.466 0.773 0.056 0.051
0 0.529 0.783 0.061 0.045
0 0.589 0.798 0.051 0.048
0 0.583 0.849 0.051 0.058
0 0.51 0.218 0.045 0.051
0 0.54 0.242 0.049 0.04
0 0.566 0.209 0.06 0.047
0 0.53 0.284 0.056 0.055
0 0.572 0.267 0.054 0.045
0 0.529 0.174 0.052 0.04
0 0.528 0.134 0.052 0.036
0 0.465 0.067 0.051 0.049
0 0.512 0.043 0.047 0.051
0 0.57 0.123 0.045 0.053
0 0.579 0.174 0.044 0.035
0 0.581 0.076 0.046 0.042
0 0.627 0.069 0.046 0.056
0 0.615 0.123 0.046 0.049
0 0.629 0.168 0.056 0.052
0 0.626 0.214 0.066 0.044
0 0.596 0.244 0.047 0.036
0 0.626 0.294 0.053 0.042
0 0.683 0.257 0.053 0.042
0 0.693 0.181 0.062 0.052
0 0.689 0.129 0.059 0.04
0 0.671 0.096 0.045 0.043
0 0.672 0.05 0.052 0.048
0 0.741 0.065 0.043 0.049
0 0.779 0.065 0.04 0.047
0 0.782 0.119 0.051 0.052
0 0.745 0.14 0.049 0.037
0 0.811 0.084 0.046 0.04
0 0.815 0.05 0.06 0.044
0 0.831 0.131 0.05 0.043
0 0.886 0.055 0.049 0.047
0 0.891 0.092 0.057 0.036
0 0.886 0.126 0.05 0.044
0 0.81 0.203 0.05 0.057
0 0.779 0.221 0.051 0.047
0 0.783 0.262 0.055 0.052
0 0.817 0.252 0.044 0.056
0 0.854 0.232 0.039 0.072
0 0.898 0.228 0.038 0.048
0 0.891 0.27 0.04 0.051
0 0.727 0.238 0.051 0.036
0 0.733 0.279 0.051 0.045
0 0.695 0.3 0.049 0.041
0 0.73 0.339 0.056 0.047
0 0.741 0.37 0.051 0.048
0 0.843 0.287 0.037 0.043
0 0.882 0.315 0.052 0.048
0 0.835 0.326 0.049 0.044
0 0.804 0.352 0.049 0.055
0 0.864 0.355 0.068 0.044
0 0.866 0.39 0.05 0.035
0 0.855 0.423 0.047 0.041
0 0.814 0.398 0.04 0.055
0 0.819 0.451 0.05 0.059
0 0.76 0.41 0.049 0.044
0 0.638 0.347 0.056 0.065
0 0.567 0.361 0.044 0.051
0 0.615 0.382 0.056 0.048
0 0.648 0.408 0.06 0.039
0 0.707 0.424 0.06 0.049
0 0.564 0.41 0.05 0.044
0 0.75 0.463 0.057 0.047
0 0.752 0.506 0.047 0.033
0 0.771 0.53 0.042 0.037
0 0.778 0.575 0.06 0.041
0 0.789 0.616 0.06 0.045
0 0.672 0.436 0.044 0.036
0 0.567 0.44 0.042 0.037
0 0.62 0.448 0.043 0.036
0 0.642 0.485 0.053 0.052
0 0.68 0.463 0.043 0.035
0 0.704 0.485 0.05 0.042
0 0.605 0.522 0.053 0.024
0 0.627 0.551 0.055 0.039
0 0.4 0.273 0.077 0.042
0 0.334 0.26 0.052 0.036
0 0.302 0.225 0.054 0.042
0 0.413 0.229 0.048 0.055
0 0.39 0.171 0.057 0.046
0 0.398 0.106 0.044 0.06
0 0.303 0.048 0.042 0.049
0 0.264 0.033 0.04 0.051
0 0.104 0.035 0.049 0.047
0 0.635 0.59 0.047 0.04
0 0.66 0.632 0.058 0.053
0 0.748 0.67 0.077 0.053
0 0.734 0.703 0.063 0.049
0 0.729 0.624 0.069 0.042
0 0.716 0.598 0.062 0.044
0 0.743 0.552 0.048 0.051
0 0.658 0.526 0.032 0.04
0 0.691 0.532 0.046 0.033
0 0.692 0.565 0.05 0.037
0 0.692 0.764 0.048 0.048
0 0.677 0.82 0.058 0.041
0 0.752 0.747 0.063 0.028
0 0.751 0.78 0.064 0.042
0 0.738 0.815 0.059 0.043
0 0.768 0.847 0.054 0.049
0 0.695 0.847 0.056 0.043
0 0.723 0.881 0.045 0.042
0 0.654 0.883 0.055 0.046
0 0.693 0.911 0.054 0.047
0 0.754 0.901 0.039 0.039
0 0.642 0.929 0.039 0.036
0 0.669 0.967 0.054 0.057
0 0.721 0.97 0.048 0.049
0 0.501 0.832 0.045 0.052
0 0.546 0.824 0.039 0.064
0 0.522 0.874 0.063 0.048
0 0.575 0.9 0.046 0.051
0 0.472 0.905 0.044 0.045
0 0.497 0.939 0.048 0.045
0 0.523 0.967 0.036 0.04
0 0.568 0.951 0.048 0.044
0 0.921 0.452 0.056 0.053
0 0.97 0.428 0.051 0.042
0 0.967 0.029 0.053 0.043
0 0.895 0.481 0.046 0.035
0 0.891 0.508 0.055 0.041
0 0.893 0.549 0.053 0.04
0 0.912 0.581 0.051 0.04
0 0.935 0.614 0.051 0.049
0 0.978 0.592 0.043 0.035
0 0.953 0.564 0.048 0.033
0 0.926 0.536 0.039 0.042
0 0.948 0.514 0.05 0.055
0 0.938 0.37 0.041 0.045
0 0.948 0.328 0.04 0.039
0 0.955 0.278 0.041 0.044
0 0.873 0.893 0.045 0.06
0 0.915 0.919 0.058 0.062
0 0.963 0.933 0.043 0.054
0 0.886 0.971 0.063 0.053
0 0.374 0.913 0.061 0.043
0 0.374 0.956 0.051 0.049
0 0.415 0.951 0.042 0.037
0 0.934 0.875 0.061 0.045
0 0.052 0.035 0.052 0.039
0 0.042 0.473 0.075 0.047
0 0.334 0.145 0.046 0.037
0 0.33 0.186 0.075 0.05
