0 0.635 0.403 0.051 0.04
0 0.553 0.43 0.077 0.028
0 0.703 0.315 0.054 0.054
0 0.639 0.442 0.056 0.04
0 0.736 0.356 0.058 0.049
0 0.744 0.426 0.041 0.061
0 0.778 0.469 0.056 0.049
0 0.761 0.508 0.057 0.058
0 0.747 0.557 0.049 0.062
0 0.767 0.617 0.046 0.067
0 0.808 0.585 0.04 0.06
0 0.503 0.397 0.047 0.042
0 0.538 0.341 0.049 0.044
0 0.488 0.329 0.047 0.04
0 0.485 0.365 0.051 0.04
0 0.522 0.284 0.04 0.039
0 0.578 0.234 0.048 0.039
0 0.415 0.201 0.06 0.036
0 0.42 0.233 0.059 0.046
0 0.346 0.218 0.058 0.049
0 0.327 0.248 0.045 0.042
0 0.424 0.271 0.04 0.035
0 0.461 0.295 0.05 0.039
0 0.426 0.325 0.05 0.049
0 0.392 0.296 0.055 0.04
0 0.341 0.327 0.06 0.042
0 0.334 0.364 0.041 0.046
0 0.388 0.364 0.055 0.046
0 0.386 0.425 0.05 0.043
0 0.429 0.438 0.051 0.039
0 0.459 0.466 0.064 0.039
0 0.452 0.497 0.05 0.039
0 0.41 0.565 0.051 0.051
0 0.534 0.638 0.045 0.054
0 0.597 0.658 0.04 0.044
0 0.67 0.592 0.034 0.062
0 0.653 0.655 0.053 0.058
0 0.491 0.224 0.064 0.04
0 0.556 0.202 0.051 0.042
0 0.515 0.251 0.074 0.044
0 0.665 0.185 0.061 0.046
0 0.68 0.228 0.056 0.04
0 0.699 0.268 0.051 0.046
0 0.743 0.124 0.034 0.067
0 0.703 0.025 0.045 0.04
0 0.747 0.047 0.036 0.043
0 0.78 0.078 0.043 0.049
0 0.816 0.044 0.042 0.054
0 0.853 0.035 0.031 0.044
0 0.851 0.091 0.041 0.053
0 0.784 0.124 0.051 0.058
0 0.827 0.132 0.048 0.051
0 0.919 0.028 0.062 0.039
0 0.909 0.072 0.043 0.049
0 0.974 0.053 0.052 0.067
0 0.946 0.103 0.054 0.049
0 0.923 0.142 0.045 0.069
0 0.853 0.16 0.055 0.051
0 0.921 0.21 0.061 0.057
0 0.86 0.215 0.044 0.053
0 0.896 0.253 0.041 0.047
0 0.931 0.274 0.055 0.064
0 0.96 0.235 0.04 0.037
0 0.897 0.323 0.047 0.069
0 0.961 0.353 0.051 0.064
0 0.918 0.374 0.054 0.057
0 0.858 0.341 0.037 0.069
0 0.84 0.404 0.057 0.049
0 0.835 0.449 0.059 0.057
0 0.791 0.429 0.034 0.046
0 0.836 0.497 0.062 0.058
0 0.859 0.526 0.055 0.064
0 0.881 0.561 0.054 0.054
0 0.931 0.42 0.047 0.064
0 0.952 0.464 0.055 0.06
0 0.907 0.508 0.033 0.049
0 0.936 0.532 0.047 0.068
0 0.943 0.578 0.06 0.047
0 0.801 0.645 0.041 0.05
0 0.835 0.685 0.047 0.054
0 0.848 0.606 0.036 0.051
0 0.902 0.633 0.042 0.064
0 0.937 0.722 0.03 0.053
0 0.938 0.788 0.037 0.056
0 0.902 0.812 0.048 0.067
0 0.86 0.765 0.056 0.054
0 0.855 0.815 0.046 0.054
0 0.868 0.86 0.036 0.058
0 0.901 0.869 0.035 0.057
0 0.948 0.85 0.042 0.06
0 0.959 0.889 0.052 0.054
0 0.683 0.764 0.052 0.051
0 0.705 0.803 0.057 0.049
0 0.684 0.856 0.045 0.074
0 0.748 0.761 0.054 0.051
0 0.767 0.794 0.057 0.05
0 0.806 0.82 0.05 0.075
0 0.847 0.944 0.05 0.051
0 0.884 0.937 0.04 0.058
0 0.927 0.942 0.044 0.062
0 0.97 0.949 0.049 0.062
0 0.157 0.038 0.056 0.053
0 0.199 0.069 0.045 0.047
0 0.25 0.086 0.062 0.046
0 0.271 0.117 0.05 0.043
0 0.339 0.063 0.058 0.039
0 0.339 0.099 0.068 0.049
0 0.448 0.11 0.052 0.062
0 0.14 0.143 0.053 0.046
0 0.172 0.185 0.052 0.039
0 0.109 0.178 0.077 0.044
0 0.085 0.215 0.053 0.05
0 0.147 0.22 0.046 0.044
0 0.083 0.254 0.037 0.046
0 0.088 0.294 0.07 0.051
0 0.045 0.326 0.043 0.042
0 0.044 0.076 0.056 0.035
0 0.218 0.558 0.057 0.054
0 0.17 0.607 0.048 0.051
0 0.149 0.658 0.067 0.04
0 0.082 0.585 0.05 0.046
0 0.12 0.607 0.054 0.054
0 0.393 0.697 0.049 0.04
0 0.397 0.75 0.052 0.051
0 0.461 0.733 0.053 0.042
0 0.523 0.744 0.053 0.046
0 0.482 0.776 0.046 0.046
0 0.515 0.792 0.051 0.043
0 0.527 0.821 0.067 0.043
0 0.724 0.956 0.056 0.05
0 0.665 0.94 0.058 0.056
0 0.601 0.79 0.068 0.037
0 0.073 0.638 0.043 0.039
0 0.124 0.704 0.06 0.032
0 0.165 0.774 0.048 0.031
0 0.135 0.554 0.054 0.037
0 0.068 0.369 0.041 0.043
0 0.092 0.403 0.028 0.046
0 0.212 0.631 0.054 0.049
0 0.054 0.153 0.057 0.046
0 0.034 0.256 0.041 0.04
0 0.258 0.834 0.036 0.058
0 0.343 0.731 0.044 0.047
0 0.325 0.778 0.048 0.057
0 0.394 0.957 0.05 0.051
0 0.411 0.89 0.045 0.043
0 0.63 0.865 0.043 0.065
0 0.229 0.751 0.07 0.046
0 0.711 0.724 0.035 0.057
0 0.031 0.681 0.055 0.061
0 0.031 0.756 0.053 0.062
0 0.036 0.811 0.053 0.046
0 0.13 0.873 0.045 0.064
0 0.124 0.96 0.041 0.05
0 0.188 0.934 0.057 0.053
0 0.284 0.156 0.054 0.054
0 0.324 0.853 0.04 0.082
0 0.043 0.524 0.045 0.054
0 0.769 0.249 0.048 0.041
0 0.754 0.216 0.055 0.058
0 0.727 0.185 0.042 0.035
0 0.373 0.48 0.059 0.042
0 0.41 0.068 0.059 0.047
0 0.536 0.926 0.05 0.045
0 0.578 0.947 0.05 0.04
0 0.485 0.941 0.05 0.035
0 0.436 0.789 0.044 0.045
0 0.427 0.843 0.037 0.055
0 0.464 0.828 0.048 0.044
0 0.222 0.812 0.042 0.049
