0 0.543 0.453 0.061 0.06
0 0.556 0.401 0.043 0.058
0 0.554 0.354 0.045 0.049
0 0.506 0.4 0.047 0.06
0 0.55 0.299 0.04 0.061
0 0.566 0.237 0.042 0.072
0 0.513 0.24 0.039 0.049
0 0.484 0.273 0.052 0.042
0 0.509 0.31 0.037 0.056
0 0.46 0.312 0.039 0.046
0 0.508 0.358 0.04 0.049
0 0.477 0.363 0.048 0.053
0 0.423 0.288 0.048 0.05
0 0.447 0.37 0.035 0.047
0 0.463 0.414 0.036 0.046
0 0.362 0.345 0.045 0.039
0 0.345 0.381 0.049 0.043
0 0.414 0.397 0.054 0.049
0 0.362 0.417 0.045 0.046
0 0.37 0.453 0.048 0.049
0 0.418 0.449 0.056 0.062
0 0.399 0.486 0.037 0.046
0 0.277 0.435 0.061 0.05
0 0.305 0.464 0.05 0.054
0 0.333 0.507 0.05 0.068
0 0.244 0.481 0.064 0.053
0 0.22 0.519 0.046 0.058
0 0.204 0.573 0.064 0.067
0 0.207 0.622 0.051 0.047
0 0.271 0.599 0.061 0.037
0 0.259 0.524 0.036 0.05
0 0.295 0.51 0.037 0.036
0 0.277 0.557 0.054 0.037
0 0.252 0.647 0.05 0.05
0 0.221 0.666 0.052 0.05
0 0.201 0.715 0.046 0.057
0 0.253 0.706 0.048 0.072
0 0.333 0.603 0.041 0.051
0 0.299 0.703 0.048 0.083
0 0.592 0.319 0.04 0.054
0 0.593 0.369 0.032 0.053
0 0.613 0.414 0.042 0.049
0 0.65 0.406 0.04 0.04
0 0.692 0.402 0.047 0.047
0 0.745 0.361 0.032 0.062
0 0.736 0.435 0.032 0.057
0 0.76 0.407 0.033 0.043
0 0.668 0.448 0.033 0.05
0 0.617 0.46 0.067 0.047
0 0.664 0.514 0.04 0.049
0 0.732 0.492 0.037 0.064
0 0.574 0.489 0.045 0.051
0 0.603 0.528 0.054 0.051
0 0.633 0.553 0.032 0.051
0 0.675 0.56 0.05 0.056
0 0.743 0.538 0.05 0.05
0 0.769 0.497 0.034 0.049
0 0.83 0.414 0.046 0.043
0 0.829 0.453 0.044 0.051
0 0.844 0.498 0.057 0.056
0 0.536 0.545 0.048 0.039
0 0.502 0.557 0.046 0.037
0 0.172 0.413 0.067 0.058
0 0.111 0.406 0.046 0.046
0 0.07 0.378 0.071 0.053
0 0.095 0.325 0.059 0.065
0 0.145 0.361 0.057 0.051
0 0.203 0.356 0.061 0.057
0 0.241 0.292 0.053 0.061
0 0.198 0.283 0.054 0.057
0 0.147 0.301 0.059 0.06
0 0.038 0.317 0.055 0.056
0 0.031 0.259 0.051 0.058
0 0.073 0.238 0.065 0.058
0 0.128 0.227 0.043 0.047
0 0.164 0.258 0.039 0.064
0 0.26 0.233 0.047 0.05
0 0.244 0.2 0.066 0.049
0 0.199 0.191 0.053 0.05
0 0.175 0.167 0.058 0.049
0 0.144 0.147 0.068 0.058
0 0.108 0.193 0.065 0.06
0 0.056 0.165 0.044 0.071
0 0.083 0.034 0.041 0.033
0 0.098 0.056 0.04 0.04
0 0.134 0.055 0.04 0.05
0 0.048 0.083 0.045 0.04
0 0.09 0.098 0.057 0.042
0 0.171 0.035 0.048 0.05
0 0.208 0.075 0.058 0.065
0 0.254 0.133 0.048 0.043
0 0.289 0.151 0.048 0.053
0 0.335 0.148 0.048 0.056
0 0.386 0.157 0.061 0.051
0 0.429 0.122 0.048 0.058
0 0.364 0.073 0.051 0.036
0 0.41 0.056 0.041 0.068
0 0.457 0.069 0.047 0.082
0 0.496 0.078 0.043 0.068
0 0.372 0.037 0.043 0.04
0 0.265 0.074 0.052 0.067
0 0.327 0.056 0.051 0.068
0 0.303 0.027 0.062 0.039
0 0.23 0.022 0.058 0.036
0 0.454 0.576 0.056 0.043
0 0.596 0.581 0.051 0.051
0 0.581 0.599 0.066 0.051
0 0.585 0.633 0.066 0.047
0 0.648 0.595 0.049 0.047
0 0.338 0.724 0.054 0.05
0 0.238 0.772 0.061 0.071
0 0.273 0.817 0.054 0.064
0 0.361 0.763 0.059 0.049
0 0.322 0.802 0.053 0.05
0 0.414 0.678 0.045 0.053
0 0.453 0.722 0.049 0.064
0 0.447 0.776 0.034 0.037
0 0.439 0.83 0.044 0.047
0 0.487 0.817 0.058 0.053
0 0.548 0.669 0.052 0.043
0 0.482 0.62 0.048 0.047
0 0.485 0.668 0.05 0.054
0 0.53 0.727 0.056 0.044
0 0.596 0.719 0.045 0.05
0 0.628 0.749 0.045 0.049
0 0.571 0.758 0.043 0.05
0 0.609 0.797 0.053 0.051
0 0.379 0.817 0.053 0.064
0 0.305 0.856 0.046 0.047
0 0.33 0.886 0.05 0.046
0 0.356 0.912 0.042 0.042
0 0.42 0.9 0.052 0.054
0 0.385 0.87 0.04 0.047
0 0.612 0.057 0.041 0.065
0 0.667 0.026 0.036 0.051
0 0.033 0.622 0.05 0.046
0 0.061 0.671 0.061 0.054
0 0.08 0.799 0.046 0.061
0 0.087 0.722 0.04 0.053
0 0.045 0.724 0.043 0.043
0 0.045 0.842 0.042 0.037
0 0.047 0.894 0.053 0.044
0 0.028 0.938 0.049 0.043
0 0.145 0.833 0.053 0.04
0 0.109 0.887 0.033 0.047
0 0.129 0.933 0.067 0.057
0 0.195 0.91 0.059 0.042
0 0.227 0.931 0.075 0.039
0 0.219 0.973 0.057 0.055
0 0.418 0.955 0.046 0.056
0 0.455 0.971 0.043 0.058
0 0.38 0.94 0.035 0.054
0 0.805 0.256 0.036 0.046
0 0.807 0.309 0.048 0.064
0 0.921 0.283 0.035 0.053
0 0.965 0.29 0.043 0.054
0 0.953 0.161 0.048 0.049
0 0.949 0.125 0.039 0.043
0 0.973 0.203 0.046 0.058
0 0.963 0.328 0.068 0.046
0 0.963 0.365 0.039 0.042
0 0.971 0.403 0.039 0.044
0 0.896 0.424 0.043 0.047
0 0.922 0.399 0.062 0.043
0 0.925 0.363 0.052 0.044
0 0.907 0.328 0.046 0.046
0 0.972 0.544 0.045 0.053
0 0.96 0.59 0.053 0.061
0 0.973 0.637 0.043 0.064
0 0.907 0.64 0.047 0.044
0 0.914 0.68 0.046 0.036
0 0.916 0.715 0.049 0.044
0 0.852 0.694 0.051 0.049
0 0.745 0.597 0.05 0.05
0 0.757 0.656 0.064 0.057
0 0.69 0.66 0.05 0.05
0 0.757 0.698 0.052 0.05
0 0.713 0.716 0.049 0.058
0 0.764 0.743 0.04 0.04
0 0.706 0.763 0.047 0.051
0 0.692 0.81 0.043 0.056
0 0.9 0.738 0.052 0.044
0 0.971 0.76 0.058 0.06
0 0.907 0.827 0.056 0.061
0 0.908 0.931 0.06 0.054
0 0.836 0.876 0.056 0.051
0 0.811 0.937 0.051 0.042
0 0.789 0.895 0.044 0.05
0 0.783 0.84 0.047 0.047
0 0.718 0.912 0.049 0.047
0 0.372 0.687 0.051 0.047
0 0.557 0.882 0.052 0.052
0 0.549 0.939 0.043 0.053
0 0.528 0.777 0.04 0.033
0 0.97 0.955 0.042 0.047
