0 0.344 0.553 0.061 0.043
0 0.335 0.584 0.049 0.042
0 0.412 0.531 0.064 0.039
0 0.419 0.565 0.068 0.042
0 0.424 0.6 0.047 0.037
0 0.487 0.562 0.059 0.051
0 0.553 0.537 0.065 0.037
0 0.462 0.623 0.047 0.036
0 0.43 0.662 0.049 0.046
0 0.486 0.664 0.054 0.054
0 0.522 0.62 0.052 0.044
0 0.341 0.66 0.05 0.039
0 0.332 0.694 0.043 0.036
0 0.388 0.699 0.056 0.037
0 0.277 0.49 0.048 0.046
0 0.274 0.449 0.066 0.044
0 0.25 0.425 0.067 0.04
0 0.338 0.397 0.055 0.036
0 0.336 0.428 0.056 0.042
0 0.4 0.399 0.062 0.047
0 0.447 0.438 0.051 0.042
0 0.199 0.34 0.052 0.042
0 0.158 0.372 0.048 0.043
0 0.198 0.399 0.058 0.04
0 0.168 0.513 0.043 0.028
0 0.144 0.477 0.055 0.039
0 0.106 0.458 0.031 0.036
0 0.105 0.506 0.062 0.043
0 0.15 0.549 0.052 0.032
0 0.082 0.55 0.046 0.043
0 0.081 0.592 0.037 0.037
0 0.082 0.631 0.062 0.046
0 0.05 0.668 0.054 0.04
0 0.49 0.698 0.051 0.033
0 0.537 0.666 0.055 0.042
0 0.362 0.742 0.047 0.046
0 0.552 0.764 0.062 0.046
0 0.633 0.735 0.062 0.053
0 0.642 0.784 0.067 0.036
0 0.601 0.802 0.053 0.022
0 0.697 0.356 0.055 0.039
0 0.746 0.375 0.039 0.057
0 0.749 0.46 0.039 0.075
0 0.78 0.411 0.048 0.046
0 0.805 0.378 0.042 0.054
0 0.852 0.424 0.049 0.054
0 0.782 0.461 0.041 0.054
0 0.822 0.468 0.047 0.06
0 0.846 0.497 0.052 0.053
0 0.915 0.367 0.059 0.04
0 0.907 0.406 0.049 0.043
0 0.889 0.447 0.044 0.05
0 0.971 0.39 0.057 0.046
0 0.947 0.433 0.042 0.04
0 0.921 0.474 0.039 0.057
0 0.924 0.541 0.048 0.056
0 0.858 0.554 0.052 0.06
0 0.893 0.588 0.039 0.037
0 0.933 0.608 0.059 0.061
0 0.898 0.658 0.051 0.061
0 0.669 0.519 0.074 0.046
0 0.681 0.561 0.071 0.035
0 0.696 0.599 0.07 0.036
0 0.702 0.649 0.05 0.06
0 0.753 0.633 0.042 0.058
0 0.736 0.689 0.065 0.051
0 0.743 0.76 0.055 0.05
0 0.777 0.798 0.056 0.044
0 0.761 0.842 0.06 0.049
0 0.752 0.887 0.045 0.05
0 0.764 0.945 0.058 0.072
0 0.844 0.744 0.048 0.046
0 0.832 0.783 0.048 0.053
0 0.834 0.833 0.057 0.044
0 0.861 0.862 0.052 0.053
0 0.877 0.895 0.049 0.053
0 0.814 0.921 0.037 0.06
0 0.918 0.705 0.056 0.056
0 0.96 0.688 0.05 0.06
0 0.927 0.758 0.047 0.058
0 0.888 0.794 0.043 0.043
0 0.958 0.803 0.05 0.049
0 0.905 0.838 0.037 0.042
0 0.937 0.865 0.049 0.061
0 0.944 0.913 0.064 0.054
0 0.902 0.962 0.043 0.047
0 0.845 0.935 0.036 0.049
0 0.799 0.98 0.045 0.041
0 0.714 0.227 0.042 0.064
0 0.732 0.277 0.041 0.05
0 0.758 0.191 0.05 0.039
0 0.82 0.171 0.04 0.046
0 0.872 0.173 0.049 0.067
0 0.912 0.205 0.05 0.064
0 0.943 0.238 0.048 0.043
0 0.928 0.268 0.056 0.051
0 0.887 0.248 0.034 0.039
0 0.847 0.261 0.044 0.057
0 0.851 0.21 0.042 0.044
0 0.805 0.206 0.043 0.053
0 0.757 0.233 0.043 0.046
0 0.795 0.264 0.057 0.062
0 0.771 0.31 0.046 0.047
0 0.814 0.313 0.051 0.053
0 0.864 0.298 0.047 0.058
0 0.915 0.311 0.057 0.043
0 0.854 0.369 0.04 0.046
0 0.733 0.521 0.044 0.043
0 0.756 0.551 0.069 0.046
0 0.77 0.585 0.064 0.042
0 0.76 0.103 0.037 0.051
0 0.794 0.097 0.043 0.058
0 0.853 0.078 0.039 0.058
0 0.891 0.076 0.042 0.057
0 0.931 0.065 0.049 0.067
0 0.629 0.032 0.049 0.057
0 0.68 0.019 0.044 0.037
0 0.676 0.065 0.057 0.057
0 0.735 0.053 0.049 0.054
0 0.776 0.047 0.04 0.044
0 0.829 0.035 0.044 0.053
0 0.273 0.037 0.048 0.068
0 0.318 0.037 0.046 0.069
0 0.322 0.113 0.053 0.057
0 0.071 0.699 0.043 0.04
0 0.097 0.734 0.042 0.056
0 0.034 0.85 0.061 0.054
0 0.077 0.914 0.053 0.043
0 0.117 0.942 0.05 0.051
0 0.134 0.883 0.048 0.044
0 0.158 0.913 0.039 0.036
0 0.217 0.901 0.047 0.05
0 0.169 0.941 0.058 0.058
0 0.431 0.773 0.051 0.044
0 0.46 0.8 0.06 0.046
0 0.669 0.921 0.044 0.074
0 0.036 0.588 0.047 0.042
0 0.056 0.488 0.057 0.044
0 0.043 0.407 0.058 0.046
0 0.541 0.971 0.048 0.054
0 0.416 0.897 0.053 0.057
0 0.477 0.943 0.045 0.051
0 0.374 0.808 0.056 0.04
0 0.329 0.793 0.048 0.036
0 0.389 0.277 0.063 0.047
0 0.49 0.292 0.079 0.039
0 0.381 0.166 0.043 0.053
0 0.414 0.217 0.041 0.055
0 0.44 0.263 0.043 0.03
0 0.447 0.088 0.057 0.056
0 0.395 0.075 0.052 0.062
0 0.505 0.733 0.064 0.041
