0 0.496 0.338 0.042 0.081
0 0.445 0.396 0.037 0.074
0 0.422 0.466 0.031 0.067
0 0.422 0.517 0.047 0.069
0 0.466 0.456 0.034 0.078
0 0.467 0.533 0.041 0.075
0 0.408 0.391 0.028 0.069
0 0.366 0.44 0.042 0.067
0 0.446 0.288 0.036 0.064
0 0.526 0.299 0.05 0.064
0 0.41 0.292 0.035 0.062
0 0.369 0.301 0.035 0.067
0 0.414 0.226 0.034 0.075
0 0.515 0.49 0.039 0.069
0 0.546 0.444 0.036 0.078
0 0.369 0.214 0.042 0.079
0 0.309 0.233 0.053 0.067
0 0.453 0.221 0.046 0.06
0 0.497 0.274 0.002 0.021
0 0.501 0.105 0.04 0.062
0 0.443 0.118 0.051 0.062
0 0.455 0.167 0.037 0.043
0 0.427 0.164 0.03 0.04
0 0.397 0.167 0.038 0.057
0 0.429 0.052 0.055 0.056
0 0.252 0.455 0.05 0.055
0 0.199 0.441 0.051 0.047
0 0.155 0.468 0.05 0.049
0 0.11 0.438 0.054 0.051
0 0.117 0.526 0.05 0.074
0 0.143 0.58 0.049 0.058
0 0.282 0.494 0.039 0.053
0 0.239 0.542 0.05 0.08
0 0.264 0.578 0.04 0.062
0 0.307 0.615 0.043 0.052
0 0.349 0.639 0.048 0.053
0 0.395 0.627 0.044 0.051
0 0.417 0.663 0.05 0.066
0 0.309 0.681 0.033 0.064
0 0.284 0.659 0.031 0.056
0 0.259 0.638 0.045 0.043
0 0.207 0.625 0.04 0.044
0 0.162 0.619 0.044 0.04
0 0.146 0.667 0.035 0.075
0 0.109 0.755 0.04 0.06
0 0.13 0.784 0.039 0.056
0 0.16 0.752 0.03 0.063
0 0.501 0.59 0.049 0.062
0 0.577 0.415 0.033 0.068
0 0.577 0.355 0.057 0.069
0 0.532 0.348 0.029 0.048
0 0.601 0.2 0.058 0.075
0 0.502 0.225 0.041 0.068
0 0.536 0.133 0.042 0.078
0 0.501 0.032 0.038 0.063
0 0.551 0.053 0.064 0.068
0 0.593 0.094 0.038 0.075
0 0.601 0.033 0.039 0.062
0 0.655 0.031 0.061 0.052
0 0.639 0.081 0.04 0.064
0 0.672 0.076 0.041 0.062
0 0.703 0.032 0.037 0.055
0 0.752 0.028 0.056 0.046
0 0.71 0.102 0.042 0.071
0 0.747 0.078 0.037 0.058
0 0.74 0.129 0.039 0.052
0 0.65 0.157 0.045 0.083
0 0.679 0.126 0.031 0.052
0 0.687 0.159 0.036 0.062
0 0.712 0.182 0.041 0.083
0 0.749 0.183 0.042 0.075
0 0.805 0.029 0.038 0.056
0 0.797 0.079 0.042 0.06
0 0.775 0.114 0.034 0.053
0 0.784 0.157 0.033 0.062
0 0.841 0.043 0.039 0.083
0 0.841 0.106 0.043 0.068
0 0.86 0.143 0.036 0.055
0 0.869 0.064 0.045 0.052
0 0.889 0.115 0.039 0.058
0 0.89 0.175 0.042 0.062
0 0.308 0.129 0.037 0.069
0 0.341 0.159 0.035 0.066
0 0.345 0.102 0.04 0.068
0 0.374 0.13 0.031 0.045
0 0.408 0.104 0.037 0.067
0 0.383 0.045 0.038 0.046
0 0.345 0.05 0.038 0.044
0 0.314 0.07 0.039 0.045
0 0.262 0.173 0.055 0.053
0 0.27 0.121 0.041 0.048
0 0.277 0.061 0.036 0.081
0 0.137 0.065 0.038 0.049
0 0.174 0.061 0.031 0.061
0 0.684 0.273 0.038 0.068
0 0.728 0.268 0.043 0.055
0 0.732 0.312 0.042 0.048
0 0.699 0.331 0.024 0.048
0 0.582 0.256 0.064 0.047
0 0.61 0.294 0.033 0.065
0 0.636 0.31 0.041 0.087
0 0.632 0.398 0.042 0.072
0 0.675 0.41 0.04 0.053
0 0.705 0.458 0.043 0.077
0 0.649 0.452 0.032 0.058
0 0.609 0.451 0.04 0.053
0 0.586 0.491 0.041 0.052
0 0.556 0.514 0.044 0.055
0 0.564 0.57 0.041 0.064
0 0.536 0.557 0.029 0.047
0 0.532 0.615 0.041 0.06
0 0.641 0.556 0.034 0.065
0 0.628 0.48 0.029 0.052
0 0.608 0.529 0.035 0.048
0 0.589 0.602 0.045 0.072
0 0.672 0.559 0.033 0.083
0 0.722 0.559 0.061 0.058
0 0.62 0.672 0.039 0.072
0 0.599 0.727 0.037 0.088
0 0.539 0.669 0.05 0.065
0 0.559 0.717 0.045 0.079
0 0.654 0.668 0.036 0.065
0 0.705 0.625 0.046 0.056
0 0.639 0.729 0.037 0.057
0 0.679 0.724 0.035 0.076
0 0.797 0.216 0.053 0.067
0 0.848 0.227 0.044 0.077
0 0.922 0.092 0.033 0.068
0 0.947 0.042 0.04 0.065
0 0.979 0.069 0.034 0.072
0 0.955 0.119 0.044 0.069
0 0.933 0.165 0.052 0.052
0 0.892 0.175 0.039 0.053
0 0.767 0.294 0.036 0.049
0 0.796 0.334 0.043 0.056
0 0.913 0.231 0.049 0.056
0 0.933 0.266 0.042 0.058
0 0.958 0.298 0.039 0.077
0 0.936 0.383 0.036 0.071
0 0.915 0.343 0.029 0.067
0 0.892 0.328 0.033 0.056
0 0.859 0.329 0.035 0.074
0 0.836 0.311 0.031 0.051
0 0.826 0.362 0.044 0.055
0 0.792 0.396 0.037 0.053
0 0.816 0.435 0.035 0.065
0 0.854 0.435 0.041 0.071
0 0.899 0.435 0.05 0.077
0 0.893 0.385 0.028 0.055
0 0.773 0.444 0.037 0.074
0 0.718 0.371 0.044 0.051
0 0.746 0.399 0.039 0.033
0 0.801 0.656 0.037 0.069
0 0.897 0.557 0.029 0.055
0 0.866 0.582 0.028 0.047
0 0.852 0.621 0.029 0.04
0 0.832 0.688 0.038 0.07
0 0.879 0.667 0.039 0.074
0 0.902 0.617 0.032 0.065
0 0.92 0.677 0.037 0.077
0 0.94 0.63 0.025 0.052
0 0.902 0.731 0.05 0.061
0 0.87 0.777 0.039 0.076
0 0.856 0.722 0.035 0.049
0 0.834 0.763 0.032 0.06
0 0.798 0.709 0.045 0.066
0 0.781 0.75 0.053 0.063
0 0.728 0.76 0.042 0.057
0 0.746 0.802 0.04 0.062
0 0.787 0.831 0.035 0.058
0 0.825 0.808 0.036 0.058
0 0.95 0.78 0.04 0.074
0 0.938 0.868 0.037 0.076
0 0.905 0.834 0.039 0.047
0 0.873 0.854 0.046 0.056
0 0.905 0.89 0.05 0.065
0 0.793 0.931 0.044 0.078
0 0.827 0.899 0.038 0.046
0 0.83 0.952 0.041 0.057
0 0.909 0.965 0.051 0.064
0 0.723 0.912 0.044 0.084
0 0.669 0.862 0.046 0.058
0 0.704 0.859 0.037 0.055
0 0.631 0.846 0.04 0.067
0 0.584 0.842 0.05 0.059
0 0.593 0.899 0.05 0.062
0 0.646 0.913 0.048 0.056
0 0.684 0.928 0.045 0.078
0 0.64 0.969 0.048 0.052
0 0.52 0.939 0.047 0.062
0 0.473 0.931 0.048 0.043
0 0.419 0.959 0.047 0.047
0 0.489 0.769 0.045 0.052
0 0.44 0.812 0.035 0.074
0 0.422 0.875 0.038 0.052
0 0.464 0.861 0.036 0.042
0 0.518 0.823 0.056 0.107
0 0.404 0.815 0.041 0.079
0 0.365 0.894 0.058 0.065
0 0.298 0.914 0.053 0.061
0 0.311 0.859 0.054 0.059
0 0.446 0.72 0.044 0.06
0 0.332 0.314 0.04 0.085
0 0.324 0.774 0.035 0.032
0 0.079 0.875 0.041 0.047
0 0.258 0.801 0.036 0.052
0 0.155 0.277 0.052 0.056
0 0.217 0.171 0.037 0.052
0 0.093 0.312 0.061 0.035
0 0.042 0.348 0.026 0.042
0 0.092 0.375 0.038 0.043
0 0.087 0.675 0.045 0.033
0 0.231 0.889 0.037 0.048
0 0.195 0.895 0.039 0.052
0 0.163 0.871 0.035 0.042
0 0.129 0.972 0.033 0.033
