0 0.63 0.449 0.049 0.064
0 0.588 0.422 0.034 0.053
0 0.59 0.372 0.048 0.04
0 0.599 0.328 0.037 0.043
0 0.652 0.483 0.046 0.06
0 0.662 0.538 0.05 0.056
0 0.69 0.394 0.032 0.062
0 0.71 0.318 0.039 0.065
0 0.68 0.331 0.041 0.062
0 0.657 0.373 0.031 0.052
0 0.625 0.355 0.028 0.037
0 0.641 0.332 0.041 0.047
0 0.69 0.488 0.039 0.044
0 0.703 0.531 0.04 0.04
0 0.704 0.573 0.046 0.04
0 0.739 0.589 0.041 0.055
0 0.648 0.583 0.03 0.042
0 0.677 0.609 0.046 0.051
0 0.596 0.546 0.035 0.032
0 0.63 0.56 0.025 0.038
0 0.611 0.592 0.036 0.049
0 0.603 0.645 0.037 0.055
0 0.63 0.689 0.048 0.047
0 0.677 0.662 0.037 0.056
0 0.715 0.632 0.029 0.031
0 0.71 0.672 0.037 0.044
0 0.746 0.664 0.04 0.045
0 0.729 0.719 0.038 0.061
0 0.7 0.704 0.035 0.051
0 0.669 0.729 0.029 0.074
0 0.633 0.738 0.041 0.051
0 0.631 0.79 0.047 0.062
0 0.668 0.778 0.028 0.039
0 0.708 0.777 0.054 0.044
0 0.76 0.782 0.057 0.06
0 0.673 0.823 0.043 0.056
0 0.722 0.831 0.061 0.057
0 0.698 0.857 0.036 0.044
0 0.628 0.857 0.042 0.076
0 0.671 0.875 0.039 0.052
0 0.632 0.921 0.032 0.049
0 0.674 0.926 0.041 0.048
0 0.704 0.909 0.039 0.06
0 0.761 0.883 0.035 0.051
0 0.766 0.833 0.043 0.039
0 0.805 0.857 0.054 0.041
0 0.811 0.812 0.043 0.046
0 0.809 0.765 0.032 0.047
0 0.83 0.728 0.046 0.057
0 0.828 0.682 0.039 0.047
0 0.859 0.651 0.057 0.058
0 0.81 0.62 0.037 0.057
0 0.789 0.566 0.047 0.067
0 0.723 0.504 0.034 0.047
0 0.756 0.515 0.033 0.068
0 0.794 0.507 0.056 0.06
0 0.834 0.532 0.04 0.053
0 0.822 0.576 0.035 0.035
0 0.846 0.596 0.037 0.044
0 0.883 0.597 0.037 0.059
0 0.919 0.623 0.05 0.065
0 0.905 0.669 0.035 0.048
0 0.95 0.689 0.055 0.067
0 0.895 0.542 0.049 0.059
0 0.86 0.562 0.026 0.031
0 0.887 0.489 0.052 0.06
0 0.857 0.461 0.033 0.06
0 0.829 0.478 0.039 0.062
0 0.731 0.458 0.034 0.045
0 0.769 0.457 0.041 0.044
0 0.889 0.426 0.048 0.069
0 0.831 0.425 0.031 0.053
0 0.801 0.405 0.037 0.062
0 0.719 0.375 0.036 0.053
0 0.742 0.336 0.03 0.06
0 0.855 0.366 0.043 0.055
0 0.871 0.327 0.042 0.061
0 0.838 0.314 0.038 0.045
0 0.784 0.31 0.044 0.067
0 0.807 0.239 0.036 0.067
0 0.841 0.269 0.042 0.049
0 0.847 0.231 0.034 0.059
0 0.882 0.233 0.048 0.072
0 0.856 0.182 0.035 0.053
0 0.827 0.162 0.03 0.058
0 0.796 0.185 0.033 0.052
0 0.801 0.131 0.04 0.044
0 0.759 0.045 0.03 0.053
0 0.755 0.099 0.035 0.044
0 0.758 0.145 0.036 0.047
0 0.762 0.197 0.029 0.058
0 0.739 0.256 0.02 0.06
0 0.715 0.255 0.039 0.072
0 0.636 0.083 0.04 0.064
0 0.677 0.065 0.043 0.06
0 0.659 0.026 0.057 0.051
0 0.711 0.1 0.035 0.046
0 0.721 0.142 0.04 0.055
0 0.736 0.184 0.028 0.064
0 0.721 0.206 0.04 0.049
0 0.634 0.179 0.028 0.062
0 0.685 0.125 0.034 0.038
0 0.691 0.178 0.04 0.047
0 0.904 0.364 0.043 0.049
0 0.82 0.062 0.043 0.072
0 0.886 0.141 0.042 0.068
0 0.88 0.077 0.036 0.06
0 0.924 0.133 0.035 0.076
0 0.946 0.238 0.034 0.071
0 0.953 0.146 0.035 0.065
0 0.945 0.314 0.041 0.047
0 0.976 0.382 0.04 0.072
0 0.931 0.41 0.039 0.057
0 0.934 0.465 0.037 0.046
0 0.94 0.51 0.042 0.056
0 0.967 0.544 0.039 0.06
0 0.974 0.617 0.05 0.06
0 0.978 0.663 0.031 0.063
0 0.87 0.703 0.048 0.056
0 0.866 0.755 0.05 0.052
0 0.91 0.784 0.061 0.053
0 0.963 0.803 0.042 0.062
0 0.958 0.857 0.032 0.04
0 0.93 0.885 0.041 0.049
0 0.94 0.921 0.041 0.055
0 0.868 0.881 0.034 0.058
0 0.898 0.927 0.044 0.063
0 0.863 0.967 0.047 0.058
0 0.856 0.918 0.041 0.051
0 0.818 0.978 0.044 0.044
0 0.775 0.964 0.038 0.048
0 0.7 0.966 0.042 0.043
0 0.66 0.973 0.043 0.052
0 0.551 0.566 0.037 0.04
0 0.559 0.633 0.043 0.065
0 0.53 0.594 0.033 0.042
0 0.519 0.636 0.046 0.052
0 0.481 0.676 0.055 0.058
0 0.494 0.725 0.034 0.059
0 0.495 0.544 0.042 0.055
0 0.454 0.588 0.049 0.037
0 0.49 0.612 0.036 0.058
0 0.415 0.581 0.041 0.053
0 0.373 0.494 0.04 0.071
0 0.385 0.564 0.033 0.058
0 0.385 0.611 0.04 0.041
0 0.444 0.72 0.044 0.069
0 0.402 0.719 0.055 0.046
0 0.333 0.731 0.045 0.053
0 0.311 0.797 0.052 0.06
0 0.283 0.757 0.046 0.049
0 0.53 0.71 0.036 0.034
0 0.583 0.851 0.038 0.067
0 0.532 0.805 0.042 0.047
0 0.342 0.329 0.044 0.047
0 0.391 0.357 0.046 0.051
0 0.33 0.381 0.038 0.049
0 0.31 0.432 0.053 0.052
0 0.343 0.442 0.041 0.056
0 0.449 0.357 0.051 0.062
0 0.359 0.222 0.041 0.067
0 0.332 0.257 0.03 0.051
0 0.278 0.216 0.037 0.052
0 0.22 0.235 0.044 0.053
0 0.207 0.29 0.045 0.044
0 0.183 0.245 0.033 0.049
0 0.154 0.233 0.037 0.047
0 0.146 0.291 0.052 0.058
0 0.114 0.227 0.042 0.056
0 0.091 0.302 0.051 0.052
0 0.11 0.175 0.035 0.045
0 0.029 0.14 0.041 0.065
0 0.041 0.049 0.045 0.057
0 0.095 0.06 0.055 0.059
0 0.078 0.108 0.047 0.048
0 0.216 0.041 0.036 0.076
0 0.206 0.127 0.047 0.059
0 0.064 0.234 0.045 0.065
0 0.069 0.159 0.046 0.058
0 0.032 0.256 0.035 0.043
0 0.081 0.344 0.037 0.043
0 0.267 0.34 0.046 0.058
0 0.248 0.487 0.03 0.051
0 0.182 0.472 0.04 0.044
0 0.194 0.516 0.028 0.057
0 0.159 0.524 0.042 0.055
0 0.226 0.522 0.031 0.042
0 0.224 0.691 0.046 0.039
0 0.27 0.703 0.039 0.05
0 0.298 0.719 0.03 0.043
0 0.182 0.686 0.036 0.053
0 0.188 0.752 0.04 0.078
0 0.195 0.603 0.036 0.069
0 0.561 0.929 0.05 0.065
0 0.513 0.923 0.041 0.056
0 0.442 0.887 0.039 0.059
0 0.476 0.905 0.035 0.048
0 0.207 0.816 0.035 0.065
0 0.216 0.878 0.045 0.068
0 0.498 0.8 0.029 0.059
0 0.414 0.763 0.03 0.051
0 0.426 0.801 0.034 0.044
0 0.445 0.834 0.028 0.055
0 0.476 0.831 0.034 0.044
0 0.476 0.787 0.036 0.059
0 0.447 0.788 0.029 0.044
0 0.207 0.193 0.042 0.055
0 0.144 0.039 0.039 0.058
0 0.128 0.12 0.058 0.051
0 0.12 0.4 0.041 0.062
0 0.071 0.428 0.049 0.042
0 0.037 0.332 0.054 0.068
0 0.058 0.384 0.04 0.047
0 0.087 0.473 0.045 0.048
0 0.11 0.441 0.039 0.047
0 0.255 0.575 0.039 0.048
0 0.321 0.911 0.035 0.045
0 0.293 0.949 0.035 0.062
0 0.32 0.969 0.044 0.062
0 0.353 0.929 0.046 0.059
0 0.393 0.956 0.042 0.068
0 0.425 0.969 0.032 0.042
0 0.566 0.692 0.039 0.051
0 0.53 0.085 0.037 0.06
0 0.498 0.09 0.033 0.041
0 0.462 0.082 0.039 0.033
0 0.462 0.034 0.033 0.048
0 0.242 0.427 0.038 0.069
0 0.303 0.279 0.047 0.062
0 0.083 0.593 0.051 0.063
0 0.114 0.628 0.037 0.047
0 0.132 0.782 0.035 0.045
0 0.057 0.85 0.047 0.055
0 0.096 0.847 0.038 0.046
0 0.102 0.89 0.035 0.053
0 0.03 0.752 0.034 0.051
0 0.422 0.41 0.037 0.04
0 0.491 0.295 0.054 0.032
0 0.641 0.225 0.028 0.051
0 0.603 0.282 0.04 0.067
0 0.517 0.377 0.037 0.042
0 0.382 0.31 0.049 0.044
0 0.966 0.218 0.036 0.09
