0 0.483 0.591 0.064 0.06
0 0.559 0.552 0.051 0.052
0 0.585 0.501 0.035 0.069
0 0.433 0.452 0.045 0.051
0 0.46 0.509 0.039 0.051
0 0.454 0.555 0.038 0.051
0 0.437 0.591 0.037 0.055
0 0.424 0.539 0.031 0.053
0 0.392 0.492 0.038 0.058
0 0.398 0.553 0.037 0.058
0 0.394 0.608 0.029 0.052
0 0.476 0.344 0.041 0.057
0 0.475 0.405 0.04 0.056
0 0.491 0.434 0.043 0.047
0 0.5 0.48 0.042 0.051
0 0.526 0.35 0.054 0.044
0 0.517 0.397 0.049 0.046
0 0.542 0.421 0.049 0.055
0 0.669 0.419 0.052 0.051
0 0.424 0.33 0.041 0.058
0 0.458 0.289 0.044 0.051
0 0.57 0.25 0.04 0.052
0 0.564 0.305 0.03 0.056
0 0.598 0.31 0.034 0.058
0 0.576 0.355 0.037 0.044
0 0.594 0.402 0.042 0.063
0 0.624 0.453 0.047 0.036
0 0.646 0.483 0.033 0.037
0 0.612 0.525 0.028 0.048
0 0.625 0.415 0.041 0.048
0 0.649 0.378 0.051 0.043
0 0.63 0.33 0.039 0.049
0 0.4 0.298 0.041 0.042
0 0.401 0.268 0.031 0.037
0 0.401 0.232 0.04 0.041
0 0.392 0.184 0.045 0.052
0 0.45 0.252 0.039 0.048
0 0.446 0.198 0.043 0.053
0 0.48 0.208 0.026 0.048
0 0.521 0.18 0.046 0.048
0 0.539 0.23 0.035 0.048
0 0.497 0.273 0.043 0.062
0 0.479 0.148 0.042 0.055
0 0.454 0.109 0.037 0.058
0 0.412 0.079 0.055 0.048
0 0.381 0.128 0.034 0.059
0 0.367 0.028 0.049 0.054
0 0.348 0.087 0.041 0.049
0 0.278 0.022 0.048 0.042
0 0.223 0.028 0.043 0.054
0 0.239 0.156 0.046 0.051
0 0.287 0.141 0.042 0.047
0 0.305 0.052 0.04 0.04
0 0.266 0.061 0.04 0.032
0 0.302 0.103 0.033 0.042
0 0.349 0.184 0.033 0.046
0 0.348 0.264 0.044 0.051
0 0.276 0.189 0.044 0.042
0 0.364 0.575 0.038 0.074
0 0.378 0.55 0.004 0.017
0 0.335 0.552 0.032 0.052
0 0.353 0.505 0.024 0.047
0 0.377 0.524 0.04 0.035
0 0.354 0.46 0.031 0.043
0 0.3 0.509 0.037 0.056
0 0.327 0.485 0.03 0.052
0 0.129 0.467 0.054 0.062
0 0.086 0.418 0.048 0.059
0 0.094 0.37 0.032 0.041
0 0.117 0.336 0.038 0.048
0 0.101 0.294 0.044 0.055
0 0.035 0.31 0.036 0.06
0 0.07 0.348 0.049 0.048
0 0.157 0.428 0.039 0.049
0 0.16 0.556 0.055 0.04
0 0.199 0.586 0.038 0.04
0 0.241 0.611 0.045 0.047
0 0.202 0.63 0.049 0.047
0 0.176 0.641 0.037 0.051
0 0.117 0.591 0.05 0.048
0 0.135 0.658 0.036 0.039
0 0.093 0.651 0.046 0.064
0 0.082 0.71 0.039 0.057
0 0.162 0.707 0.034 0.038
0 0.136 0.743 0.037 0.04
0 0.093 0.763 0.052 0.056
0 0.102 0.819 0.042 0.04
0 0.108 0.857 0.044 0.04
0 0.152 0.857 0.039 0.052
0 0.169 0.789 0.039 0.059
0 0.208 0.731 0.043 0.043
0 0.284 0.723 0.051 0.042
0 0.335 0.722 0.039 0.056
0 0.314 0.8 0.044 0.042
0 0.293 0.756 0.03 0.037
0 0.247 0.77 0.055 0.045
0 0.216 0.834 0.039 0.047
0 0.258 0.852 0.042 0.053
0 0.197 0.884 0.051 0.06
0 0.122 0.896 0.048 0.039
0 0.061 0.948 0.043 0.051
0 0.374 0.739 0.04 0.049
0 0.346 0.778 0.044 0.046
0 0.372 0.962 0.051 0.053
0 0.324 0.926 0.032 0.065
0 0.465 0.826 0.045 0.048
0 0.41 0.86 0.059 0.036
0 0.68 0.715 0.052 0.056
0 0.738 0.715 0.045 0.056
0 0.778 0.725 0.038 0.06
0 0.771 0.786 0.042 0.051
0 0.714 0.768 0.05 0.053
0 0.674 0.766 0.04 0.055
0 0.733 0.826 0.051 0.064
0 0.679 0.813 0.044 0.047
0 0.689 0.857 0.037 0.041
0 0.713 0.886 0.043 0.049
0 0.636 0.87 0.039 0.041
0 0.638 0.936 0.043 0.065
0 0.739 0.946 0.057 0.059
0 0.527 0.895 0.05 0.056
0 0.528 0.939 0.039 0.044
0 0.484 0.953 0.037 0.037
0 0.82 0.9 0.035 0.068
0 0.845 0.838 0.038 0.051
0 0.857 0.907 0.037 0.06
0 0.871 0.863 0.04 0.047
0 0.9 0.538 0.043 0.072
0 0.752 0.502 0.06 0.064
0 0.912 0.611 0.042 0.049
0 0.954 0.544 0.046 0.044
0 0.964 0.642 0.055 0.053
0 0.882 0.668 0.039 0.048
0 0.857 0.692 0.034 0.047
0 0.855 0.74 0.045 0.062
0 0.899 0.713 0.032 0.047
0 0.92 0.764 0.042 0.065
0 0.944 0.829 0.054 0.06
0 0.941 0.889 0.039 0.047
0 0.93 0.939 0.052 0.053
0 0.767 0.452 0.028 0.044
0 0.795 0.47 0.038 0.049
0 0.83 0.456 0.034 0.049
0 0.803 0.426 0.043 0.025
0 0.793 0.319 0.051 0.039
0 0.847 0.314 0.044 0.048
0 0.847 0.263 0.037 0.053
0 0.751 0.29 0.028 0.056
0 0.787 0.273 0.036 0.047
0 0.359 0.378 0.043 0.049
0 0.377 0.414 0.038 0.04
0 0.39 0.449 0.027 0.044
0 0.339 0.419 0.046 0.051
0 0.335 0.338 0.042 0.048
0 0.311 0.36 0.04 0.056
0 0.295 0.432 0.032 0.051
0 0.233 0.238 0.036 0.049
0 0.29 0.288 0.033 0.049
0 0.2 0.264 0.039 0.051
0 0.209 0.307 0.044 0.043
0 0.259 0.308 0.045 0.049
0 0.27 0.247 0.039 0.04
0 0.242 0.271 0.036 0.035
0 0.263 0.485 0.034 0.055
0 0.266 0.436 0.031 0.055
0 0.247 0.403 0.032 0.042
0 0.264 0.372 0.038 0.06
0 0.212 0.42 0.034 0.052
0 0.157 0.153 0.036 0.06
0 0.141 0.198 0.042 0.06
0 0.102 0.209 0.041 0.068
0 0.051 0.205 0.035 0.044
0 0.096 0.039 0.042 0.053
0 0.085 0.104 0.045 0.051
0 0.05 0.133 0.036 0.056
0 0.713 0.232 0.039 0.063
0 0.675 0.188 0.039 0.069
0 0.716 0.177 0.041 0.06
0 0.485 0.03 0.046 0.058
0 0.583 0.05 0.038 0.053
0 0.621 0.033 0.042 0.064
0 0.625 0.096 0.042 0.048
0 0.651 0.061 0.027 0.047
0 0.707 0.065 0.034 0.056
0 0.701 0.121 0.046 0.051
0 0.756 0.068 0.048 0.051
0 0.753 0.023 0.039 0.042
0 0.713 0.024 0.034 0.042
0 0.795 0.104 0.042 0.053
0 0.752 0.145 0.039 0.049
0 0.8 0.143 0.035 0.044
0 0.82 0.186 0.057 0.065
0 0.826 0.238 0.042 0.054
0 0.756 0.218 0.05 0.085
0 0.789 0.23 0.045 0.049
0 0.935 0.329 0.058 0.068
0 0.849 0.031 0.043 0.057
0 0.88 0.076 0.051 0.048
0 0.946 0.199 0.034 0.053
0 0.906 0.231 0.045 0.048
0 0.981 0.266 0.034 0.06
0 0.977 0.127 0.027 0.058
0 0.917 0.109 0.039 0.062
