0 0.279 0.481 0.063 0.057
0 0.269 0.523 0.045 0.045
0 0.253 0.579 0.042 0.06
0 0.282 0.616 0.048 0.052
0 0.238 0.65 0.04 0.059
0 0.284 0.673 0.058 0.067
0 0.319 0.552 0.051 0.052
0 0.343 0.504 0.045 0.047
0 0.384 0.544 0.062 0.06
0 0.327 0.607 0.039 0.047
0 0.378 0.627 0.058 0.056
0 0.439 0.6 0.054 0.056
0 0.437 0.653 0.064 0.058
0 0.378 0.674 0.057 0.051
0 0.441 0.452 0.051 0.071
0 0.394 0.408 0.039 0.052
0 0.339 0.422 0.048 0.059
0 0.304 0.397 0.04 0.043
0 0.302 0.344 0.05 0.06
0 0.346 0.316 0.05 0.044
0 0.358 0.357 0.04 0.044
0 0.426 0.31 0.055 0.049
0 0.444 0.384 0.04 0.045
0 0.484 0.296 0.049 0.048
0 0.49 0.373 0.045 0.049
0 0.482 0.423 0.041 0.053
0 0.548 0.293 0.05 0.052
0 0.573 0.234 0.033 0.042
0 0.611 0.214 0.052 0.056
0 0.593 0.269 0.033 0.069
0 0.644 0.271 0.042 0.053
0 0.508 0.209 0.05 0.047
0 0.504 0.162 0.062 0.049
0 0.458 0.175 0.044 0.049
0 0.446 0.221 0.049 0.062
0 0.386 0.222 0.061 0.068
0 0.344 0.244 0.054 0.062
0 0.281 0.212 0.061 0.074
0 0.33 0.177 0.047 0.056
0 0.201 0.138 0.06 0.064
0 0.107 0.143 0.061 0.053
0 0.105 0.196 0.047 0.048
0 0.101 0.243 0.045 0.047
0 0.062 0.287 0.056 0.056
0 0.034 0.388 0.048 0.055
0 0.021 0.328 0.04 0.048
0 0.089 0.345 0.06 0.053
0 0.119 0.318 0.043 0.045
0 0.151 0.275 0.052 0.055
0 0.167 0.332 0.044 0.056
0 0.15 0.376 0.055 0.049
0 0.106 0.394 0.043 0.042
0 0.128 0.436 0.039 0.045
0 0.171 0.428 0.053 0.071
0 0.092 0.46 0.032 0.062
0 0.169 0.491 0.039 0.059
0 0.127 0.516 0.046 0.05
0 0.088 0.542 0.037 0.056
0 0.049 0.47 0.044 0.076
0 0.1 0.598 0.047 0.052
0 0.141 0.573 0.044 0.044
0 0.561 0.394 0.045 0.047
0 0.534 0.456 0.043 0.049
0 0.515 0.531 0.046 0.043
0 0.518 0.58 0.048 0.055
0 0.567 0.505 0.046 0.055
0 0.535 0.645 0.046 0.062
0 0.565 0.551 0.043 0.04
0 0.612 0.585 0.058 0.054
0 0.611 0.536 0.04 0.042
0 0.586 0.442 0.033 0.04
0 0.627 0.457 0.039 0.053
0 0.609 0.408 0.04 0.043
0 0.634 0.366 0.045 0.048
0 0.641 0.328 0.039 0.04
0 0.701 0.464 0.046 0.068
0 0.714 0.401 0.037 0.052
0 0.739 0.358 0.046 0.043
0 0.786 0.323 0.048 0.053
0 0.269 0.273 0.045 0.05
0 0.835 0.368 0.044 0.053
0 0.757 0.432 0.036 0.049
0 0.761 0.392 0.038 0.037
0 0.796 0.42 0.042 0.055
0 0.84 0.429 0.042 0.054
0 0.883 0.418 0.048 0.059
0 0.879 0.472 0.05 0.052
0 0.829 0.47 0.04 0.044
0 0.78 0.477 0.043 0.049
0 0.711 0.534 0.045 0.049
0 0.748 0.519 0.038 0.044
0 0.782 0.565 0.059 0.06
0 0.829 0.515 0.042 0.044
0 0.868 0.559 0.045 0.058
0 0.908 0.51 0.043 0.048
0 0.953 0.512 0.044 0.047
0 0.871 0.637 0.045 0.04
0 0.807 0.657 0.05 0.037
0 0.733 0.671 0.055 0.036
0 0.713 0.577 0.049 0.044
0 0.721 0.632 0.052 0.045
0 0.767 0.635 0.04 0.042
0 0.659 0.666 0.045 0.052
0 0.586 0.68 0.055 0.055
0 0.622 0.627 0.041 0.026
0 0.617 0.658 0.039 0.042
0 0.581 0.634 0.038 0.035
0 0.512 0.684 0.034 0.051
0 0.554 0.693 0.039 0.051
0 0.532 0.755 0.04 0.058
0 0.567 0.733 0.04 0.056
0 0.63 0.719 0.048 0.043
0 0.589 0.752 0.041 0.049
0 0.494 0.068 0.053 0.049
0 0.574 0.108 0.053 0.051
0 0.69 0.054 0.053 0.049
0 0.766 0.057 0.047 0.044
0 0.731 0.099 0.039 0.043
0 0.779 0.102 0.044 0.048
0 0.739 0.166 0.059 0.044
0 0.757 0.132 0.043 0.037
0 0.77 0.246 0.059 0.058
0 0.801 0.213 0.04 0.052
0 0.858 0.214 0.039 0.062
0 0.911 0.284 0.035 0.052
0 0.939 0.313 0.038 0.058
0 0.974 0.345 0.044 0.048
0 0.97 0.28 0.036 0.063
0 0.911 0.229 0.031 0.047
0 0.943 0.218 0.032 0.048
0 0.982 0.222 0.035 0.05
0 0.92 0.168 0.037 0.052
0 0.62 0.889 0.058 0.045
0 0.512 0.873 0.056 0.048
0 0.57 0.889 0.047 0.041
0 0.496 0.919 0.053 0.044
0 0.529 0.935 0.037 0.039
0 0.564 0.933 0.043 0.05
0 0.645 0.939 0.039 0.055
0 0.709 0.909 0.049 0.055
0 0.694 0.946 0.051 0.045
0 0.755 0.916 0.043 0.033
0 0.747 0.944 0.062 0.037
0 0.842 0.845 0.044 0.051
0 0.886 0.839 0.046 0.048
0 0.925 0.805 0.042 0.045
0 0.965 0.77 0.046 0.052
0 0.916 0.76 0.041 0.049
0 0.905 0.713 0.032 0.06
0 0.313 0.116 0.057 0.058
0 0.292 0.161 0.039 0.044
0 0.439 0.075 0.058 0.052
0 0.408 0.03 0.044 0.05
0 0.915 0.884 0.042 0.048
0 0.95 0.894 0.038 0.053
0 0.981 0.893 0.039 0.047
0 0.932 0.939 0.047 0.049
0 0.977 0.936 0.042 0.048
0 0.94 0.973 0.047 0.044
0 0.765 0.975 0.061 0.045
0 0.978 0.177 0.038 0.048
0 0.904 0.048 0.043 0.061
0 0.934 0.047 0.037 0.04
0 0.948 0.081 0.046 0.047
0 0.869 0.06 0.041 0.051
0 0.878 0.093 0.037 0.032
0 0.865 0.139 0.037 0.04
0 0.968 0.142 0.039 0.047
0 0.919 0.605 0.033 0.049
0 0.905 0.549 0.028 0.042
0 0.828 0.619 0.04 0.042
0 0.867 0.6 0.035 0.033
0 0.945 0.567 0.045 0.044
0 0.191 0.96 0.047 0.044
0 0.139 0.946 0.045 0.034
