0 0.639 0.447 0.066 0.05
0 0.594 0.476 0.043 0.042
0 0.67 0.592 0.036 0.067
0 0.652 0.662 0.056 0.056
0 0.596 0.658 0.042 0.046
0 0.53 0.638 0.031 0.042
0 0.472 0.619 0.033 0.043
0 0.41 0.568 0.043 0.051
0 0.454 0.533 0.032 0.028
0 0.456 0.498 0.049 0.033
0 0.465 0.465 0.056 0.04
0 0.423 0.446 0.064 0.037
0 0.635 0.405 0.057 0.039
0 0.536 0.436 0.034 0.043
0 0.573 0.433 0.042 0.044
0 0.506 0.399 0.064 0.044
0 0.483 0.369 0.046 0.046
0 0.536 0.339 0.045 0.054
0 0.485 0.33 0.051 0.036
0 0.423 0.327 0.051 0.05
0 0.389 0.433 0.055 0.042
0 0.391 0.698 0.045 0.053
0 0.456 0.733 0.046 0.049
0 0.482 0.766 0.039 0.033
0 0.521 0.741 0.042 0.042
0 0.516 0.79 0.054 0.044
0 0.397 0.75 0.052 0.051
0 0.338 0.731 0.057 0.053
0 0.381 0.367 0.054 0.044
0 0.523 0.287 0.058 0.036
0 0.68 0.229 0.057 0.035
0 0.697 0.266 0.062 0.036
0 0.701 0.31 0.058 0.053
0 0.731 0.354 0.054 0.04
0 0.741 0.426 0.055 0.047
0 0.771 0.465 0.051 0.04
0 0.578 0.235 0.052 0.031
0 0.755 0.303 0.048 0.071
0 0.335 0.329 0.05 0.043
0 0.333 0.364 0.049 0.04
0 0.331 0.251 0.053 0.05
0 0.421 0.235 0.071 0.033
0 0.421 0.272 0.057 0.033
0 0.492 0.222 0.06 0.043
0 0.555 0.202 0.06 0.031
0 0.713 0.716 0.046 0.047
0 0.758 0.507 0.073 0.06
0 0.747 0.555 0.055 0.053
0 0.764 0.612 0.055 0.078
0 0.681 0.759 0.061 0.05
0 0.699 0.805 0.055 0.047
0 0.668 0.192 0.071 0.054
0 0.335 0.099 0.056 0.04
0 0.342 0.068 0.053 0.043
0 0.797 0.645 0.045 0.058
0 0.835 0.689 0.044 0.062
0 0.811 0.582 0.041 0.057
0 0.828 0.449 0.052 0.061
0 0.834 0.499 0.07 0.051
0 0.859 0.528 0.051 0.057
0 0.88 0.56 0.055 0.051
0 0.839 0.405 0.055 0.042
0 0.742 0.126 0.032 0.071
0 0.701 0.026 0.061 0.044
0 0.749 0.047 0.039 0.054
0 0.774 0.081 0.046 0.051
0 0.782 0.124 0.047 0.058
0 0.811 0.043 0.05 0.062
0 0.822 0.131 0.039 0.057
0 0.85 0.16 0.056 0.05
0 0.855 0.088 0.045 0.054
0 0.888 0.109 0.045 0.053
0 0.927 0.147 0.04 0.075
0 0.863 0.219 0.045 0.056
0 0.92 0.209 0.064 0.056
0 0.893 0.251 0.036 0.046
0 0.93 0.272 0.058 0.069
0 0.917 0.033 0.057 0.058
0 0.971 0.061 0.058 0.051
0 0.945 0.097 0.041 0.04
0 0.96 0.352 0.041 0.067
0 0.895 0.321 0.053 0.062
0 0.917 0.371 0.054 0.057
0 0.888 0.458 0.055 0.05
0 0.925 0.425 0.052 0.057
0 0.953 0.468 0.05 0.06
0 0.908 0.512 0.047 0.056
0 0.937 0.533 0.059 0.06
0 0.943 0.578 0.06 0.061
0 0.447 0.107 0.065 0.051
0 0.748 0.756 0.056 0.056
0 0.764 0.794 0.053 0.049
0 0.86 0.764 0.054 0.065
0 0.81 0.817 0.057 0.068
0 0.857 0.814 0.046 0.049
0 0.864 0.86 0.046 0.056
0 0.903 0.81 0.045 0.068
0 0.162 0.038 0.047 0.05
0 0.198 0.061 0.048 0.049
0 0.246 0.087 0.076 0.039
0 0.271 0.117 0.071 0.047
0 0.28 0.156 0.049 0.064
0 0.685 0.853 0.051 0.083
0 0.322 0.86 0.045 0.058
0 0.192 0.23 0.043 0.042
0 0.173 0.184 0.046 0.047
0 0.143 0.145 0.05 0.042
0 0.111 0.125 0.038 0.04
0 0.045 0.071 0.058 0.039
0 0.115 0.178 0.049 0.038
0 0.084 0.214 0.044 0.037
0 0.082 0.257 0.043 0.036
0 0.082 0.292 0.054 0.039
0 0.218 0.562 0.054 0.037
0 0.24 0.595 0.039 0.042
0 0.268 0.67 0.051 0.044
0 0.208 0.628 0.039 0.04
0 0.173 0.608 0.05 0.046
0 0.157 0.577 0.044 0.034
0 0.14 0.549 0.043 0.041
0 0.661 0.939 0.052 0.071
0 0.733 0.953 0.075 0.064
0 0.838 0.944 0.051 0.05
0 0.887 0.94 0.036 0.05
0 0.923 0.944 0.034 0.064
0 0.904 0.873 0.034 0.061
0 0.928 0.722 0.04 0.053
0 0.936 0.784 0.03 0.05
0 0.944 0.844 0.04 0.046
0 0.967 0.888 0.059 0.056
0 0.963 0.945 0.036 0.05
0 0.035 0.256 0.046 0.037
0 0.15 0.656 0.057 0.051
0 0.077 0.58 0.043 0.037
0 0.118 0.596 0.045 0.056
0 0.121 0.705 0.061 0.047
0 0.147 0.739 0.051 0.037
0 0.169 0.777 0.053 0.052
0 0.77 0.251 0.047 0.05
0 0.754 0.212 0.062 0.056
